,0,1,2,3,4
images/custom/davids/high/A/custom_davids_high_A_0.jpg,5,True,False,91058546,"[0.0, 1.0, 1.0, 1.0, 885.641010793877]"
images/custom/davids/high/A/custom_davids_high_A_1.jpg,5,True,False,99652153,"[1.0, 1.0, 1.0, 2.23606797749979, 906.5208216031224]"
images/custom/davids/high/A/custom_davids_high_A_2.jpg,6,True,False,94372423,"[0.0, 1.0, 1.4142135623730951, 1.4142135623730951, 231.70023737579555, 762.1679604916491]"
images/custom/davids/high/A/custom_davids_high_A_3.jpg,4,True,True,101656912,"[1.0, 1.0, 2.0, 2.23606797749979]"
images/custom/davids/high/A/custom_davids_high_A_4.jpg,4,True,True,89648530,"[1.0, 1.4142135623730951, 2.0, 2.0]"
images/custom/davids/high/B/custom_davids_high_B_0.jpg,4,True,True,92103726,"[1.0, 1.0, 2.23606797749979, 2.23606797749979]"
images/custom/davids/high/B/custom_davids_high_B_1.jpg,3,True,False,87580766,"[0.0, 1.0, 1.4142135623730951]"
images/custom/davids/high/B/custom_davids_high_B_2.jpg,4,True,True,90011231,"[1.0, 1.0, 1.4142135623730951, 2.0]"
images/custom/davids/high/B/custom_davids_high_B_3.jpg,4,True,True,99675079,"[1.0, 1.0, 1.4142135623730951, 1.4142135623730951]"
images/custom/davids/high/B/custom_davids_high_B_4.jpg,5,True,False,90839616,"[1.0, 1.0, 2.23606797749979, 3.0, 114.76933388322858]"
images/custom/davids/high/C/custom_davids_high_C_0.jpg,2,True,False,92534526,"[1.4142135623730951, 2.8284271247461903]"
images/custom/davids/high/C/custom_davids_high_C_1.jpg,3,True,False,94321696,"[0.0, 1.0, 1.0]"
images/custom/davids/high/C/custom_davids_high_C_2.jpg,3,True,False,100277616,"[0.0, 0.0, 1.0]"
images/custom/davids/high/C/custom_davids_high_C_3.jpg,2,True,False,82913794,"[1.0, 1.0]"
images/custom/davids/high/C/custom_davids_high_C_4.jpg,2,True,False,87962540,"[1.4142135623730951, 2.0]"
images/custom/davids/high/D/custom_davids_high_D_0.jpg,4,True,True,88348606,"[1.4142135623730951, 1.4142135623730951, 1.4142135623730951, 2.23606797749979]"
images/custom/davids/high/D/custom_davids_high_D_1.jpg,5,True,False,98760590,"[0.0, 1.0, 1.0, 1.4142135623730951, 191.58809983921236]"
images/custom/davids/high/D/custom_davids_high_D_2.jpg,4,True,True,105102782,"[1.0, 1.4142135623730951, 2.23606797749979, 2.23606797749979]"
images/custom/davids/high/D/custom_davids_high_D_3.jpg,5,True,False,101300824,"[0.0, 1.0, 1.0, 1.4142135623730951, 252.00992043965255]"
images/custom/davids/high/D/custom_davids_high_D_4.jpg,4,True,True,86892050,"[1.0, 1.0, 2.0, 2.23606797749979]"
images/custom/davids/medium/A/custom_davids_medium_A_0.jpg,4,True,True,90628176,"[1.0, 1.0, 1.0, 1.0]"
images/custom/davids/medium/A/custom_davids_medium_A_1.jpg,4,True,True,91170984,"[1.0, 2.0, 2.0, 2.23606797749979]"
images/custom/davids/medium/A/custom_davids_medium_A_2.jpg,4,False,False,100885201,"[1.4142135623730951, 1.4142135623730951, 2.23606797749979, 10.44030650891055]"
images/custom/davids/medium/A/custom_davids_medium_A_3.jpg,3,True,False,98631329,"[1.0, 1.4142135623730951, 2.0]"
images/custom/davids/medium/A/custom_davids_medium_A_4.jpg,3,True,False,97869669,"[0.0, 1.4142135623730951, 2.0]"
images/custom/davids/medium/B/custom_davids_medium_B_0.jpg,4,True,True,92472070,"[0.0, 0.0, 2.23606797749979, 2.23606797749979]"
images/custom/davids/medium/B/custom_davids_medium_B_1.jpg,5,True,False,102816543,"[0.0, 0.0, 1.4142135623730951, 2.23606797749979, 280.12854192316786]"
images/custom/davids/medium/B/custom_davids_medium_B_2.jpg,4,True,True,100683658,"[0.0, 0.0, 1.0, 1.0]"
images/custom/davids/medium/B/custom_davids_medium_B_3.jpg,5,True,False,102714074,"[0.0, 0.0, 1.0, 1.0, 458.6469230246727]"
images/custom/davids/medium/B/custom_davids_medium_B_4.jpg,4,True,True,93993532,"[0.0, 1.0, 1.0, 1.0]"
images/custom/davids/medium/C/custom_davids_medium_C_0.jpg,3,True,False,91577517,"[1.0, 1.0, 1.4142135623730951]"
images/custom/davids/medium/C/custom_davids_medium_C_1.jpg,2,True,False,90933559,"[1.0, 2.23606797749979]"
images/custom/davids/medium/C/custom_davids_medium_C_2.jpg,2,True,False,90482068,"[0.0, 1.0]"
images/custom/davids/medium/C/custom_davids_medium_C_3.jpg,1,True,False,98664289,[1.4142135623730951]
images/custom/davids/medium/C/custom_davids_medium_C_4.jpg,3,True,False,81378555,"[1.4142135623730951, 1.4142135623730951, 3.1622776601683795]"
images/custom/davids/medium/D/custom_davids_medium_D_0.jpg,4,False,False,99348072,"[1.4142135623730951, 1.4142135623730951, 2.23606797749979, 10.295630140987]"
images/custom/davids/medium/D/custom_davids_medium_D_1.jpg,4,True,True,99513891,"[1.0, 2.23606797749979, 2.23606797749979, 2.23606797749979]"
images/custom/davids/medium/D/custom_davids_medium_D_2.jpg,4,True,True,97491553,"[0.0, 1.0, 1.4142135623730951, 3.0]"
images/custom/davids/medium/D/custom_davids_medium_D_3.jpg,4,True,True,92783823,"[1.0, 1.0, 1.0, 2.23606797749979]"
images/custom/davids/medium/D/custom_davids_medium_D_4.jpg,5,True,False,89478112,"[0.0, 1.0, 1.0, 1.0, 149.4824404403407]"
images/custom/davids/short/A/custom_davids_short_A_0.jpg,4,True,True,91771723,"[1.0, 1.0, 2.23606797749979, 2.23606797749979]"
images/custom/davids/short/A/custom_davids_short_A_1.jpg,4,True,True,91893080,"[1.0, 1.0, 1.4142135623730951, 2.23606797749979]"
images/custom/davids/short/A/custom_davids_short_A_2.jpg,4,True,True,89285753,"[1.0, 1.0, 1.0, 3.1622776601683795]"
images/custom/davids/short/A/custom_davids_short_A_3.jpg,2,True,False,100067513,"[0.0, 1.0]"
images/custom/davids/short/A/custom_davids_short_A_4.jpg,4,True,True,87892540,"[0.0, 1.4142135623730951, 2.8284271247461903, 2.8284271247461903]"
images/custom/davids/short/B/custom_davids_short_B_0.jpg,5,True,False,97419334,"[0.0, 1.0, 1.4142135623730951, 4.123105625617661, 334.43235489408016]"
images/custom/davids/short/B/custom_davids_short_B_1.jpg,3,True,False,94711597,"[0.0, 1.0, 1.0]"
images/custom/davids/short/B/custom_davids_short_B_2.jpg,3,True,False,98258230,"[1.0, 1.0, 2.23606797749979]"
images/custom/davids/short/B/custom_davids_short_B_3.jpg,3,True,False,98017948,"[1.0, 1.4142135623730951, 2.0]"
images/custom/davids/short/B/custom_davids_short_B_4.jpg,3,True,False,90869011,"[1.0, 1.0, 2.23606797749979]"
images/custom/davids/short/C/custom_davids_short_C_0.jpg,2,False,False,93632595,"[1.0, 247.95160818191923]"
images/custom/davids/short/C/custom_davids_short_C_1.jpg,4,False,False,95049119,"[1.0, 1.0, 2.0, 166.67633305301626]"
images/custom/davids/short/C/custom_davids_short_C_2.jpg,3,False,False,101088789,"[1.0, 2.0, 315.3696244092002]"
images/custom/davids/short/C/custom_davids_short_C_3.jpg,2,True,False,88258783,"[1.0, 1.4142135623730951]"
images/custom/davids/short/C/custom_davids_short_C_4.jpg,2,True,False,90145410,"[0.0, 1.0]"
images/custom/davids/short/D/custom_davids_short_D_0.jpg,3,True,False,93934130,"[0.0, 1.0, 1.4142135623730951]"
images/custom/davids/short/D/custom_davids_short_D_1.jpg,3,True,False,97883283,"[0.0, 1.0, 2.23606797749979]"
images/custom/davids/short/D/custom_davids_short_D_2.jpg,5,False,False,96803471,"[0.0, 0.0, 1.0, 11.704699910719626, 238.447059113758]"
images/custom/davids/short/D/custom_davids_short_D_3.jpg,3,True,False,91603348,"[0.0, 1.0, 2.0]"
images/custom/davids/short/D/custom_davids_short_D_4.jpg,3,True,False,91541134,"[1.0, 1.0, 1.0]"
images/custom/jack_cole/high/A/custom_jack_cole_high_A_0.jpg,4,True,True,87853026,"[0.0, 1.0, 1.4142135623730951, 2.23606797749979]"
images/custom/jack_cole/high/A/custom_jack_cole_high_A_1.jpg,4,True,True,87850078,"[0.0, 1.0, 1.0, 2.23606797749979]"
images/custom/jack_cole/high/A/custom_jack_cole_high_A_2.jpg,4,True,True,83267616,"[1.4142135623730951, 1.4142135623730951, 1.4142135623730951, 2.0]"
images/custom/jack_cole/high/A/custom_jack_cole_high_A_3.jpg,4,True,True,85370889,"[1.0, 1.0, 1.0, 1.4142135623730951]"
images/custom/jack_cole/high/A/custom_jack_cole_high_A_4.jpg,4,True,True,79254919,"[0.0, 1.0, 2.0, 2.23606797749979]"
images/custom/jack_cole/high/B/custom_jack_cole_high_B_0.jpg,4,True,True,80747399,"[1.0, 1.0, 1.0, 1.4142135623730951]"
images/custom/jack_cole/high/B/custom_jack_cole_high_B_1.jpg,4,True,True,81244549,"[1.0, 1.4142135623730951, 1.4142135623730951, 1.4142135623730951]"
images/custom/jack_cole/high/B/custom_jack_cole_high_B_2.jpg,6,True,False,78803719,"[1.0, 1.4142135623730951, 2.23606797749979, 2.23606797749979, 255.8300216940928, 560.9750440081983]"
images/custom/jack_cole/high/B/custom_jack_cole_high_B_3.jpg,6,True,False,89962088,"[0.0, 1.0, 1.4142135623730951, 1.4142135623730951, 250.9760944791356, 473.57048049894325]"
images/custom/jack_cole/high/B/custom_jack_cole_high_B_4.jpg,4,True,True,77866066,"[1.0, 1.0, 1.0, 1.0]"
images/custom/jack_cole/high/C/custom_jack_cole_high_C_0.jpg,4,False,False,81184170,"[1.4142135623730951, 2.23606797749979, 3.0, 203.22647465327935]"
images/custom/jack_cole/high/C/custom_jack_cole_high_C_1.jpg,2,True,False,82956271,"[1.0, 1.0]"
images/custom/jack_cole/high/C/custom_jack_cole_high_C_2.jpg,2,True,False,80839383,"[0.0, 1.0]"
images/custom/jack_cole/high/C/custom_jack_cole_high_C_3.jpg,2,True,False,82697987,"[1.0, 2.23606797749979]"
images/custom/jack_cole/high/C/custom_jack_cole_high_C_4.jpg,4,False,False,84207627,"[1.0, 1.4142135623730951, 1.4142135623730951, 172.07265907168403]"
images/custom/jack_cole/high/D/custom_jack_cole_high_D_0.jpg,4,True,True,79088161,"[1.4142135623730951, 2.0, 2.23606797749979, 2.23606797749979]"
images/custom/jack_cole/high/D/custom_jack_cole_high_D_1.jpg,4,True,True,82781402,"[1.0, 1.0, 2.0, 2.23606797749979]"
images/custom/jack_cole/high/D/custom_jack_cole_high_D_2.jpg,4,True,True,80056981,"[1.0, 1.4142135623730951, 1.4142135623730951, 2.23606797749979]"
images/custom/jack_cole/high/D/custom_jack_cole_high_D_3.jpg,5,True,False,82476395,"[1.4142135623730951, 1.4142135623730951, 2.0, 2.23606797749979, 203.42320418280704]"
images/custom/jack_cole/high/D/custom_jack_cole_high_D_4.jpg,4,True,True,87933907,"[1.0, 1.0, 1.0, 2.0]"
images/custom/jack_cole/medium/A/custom_jack_cole_medium_A_0.jpg,4,True,True,86827935,"[1.0, 1.0, 1.4142135623730951, 2.0]"
images/custom/jack_cole/medium/A/custom_jack_cole_medium_A_1.jpg,4,True,True,86273536,"[1.0, 2.23606797749979, 2.23606797749979, 3.0]"
images/custom/jack_cole/medium/A/custom_jack_cole_medium_A_2.jpg,4,True,True,87016097,"[1.0, 1.0, 1.0, 1.4142135623730951]"
images/custom/jack_cole/medium/A/custom_jack_cole_medium_A_3.jpg,5,True,False,83565883,"[0.0, 1.0, 1.4142135623730951, 2.23606797749979, 212.72047386182646]"
images/custom/jack_cole/medium/A/custom_jack_cole_medium_A_4.jpg,4,True,True,86943508,"[1.0, 1.4142135623730951, 2.0, 2.23606797749979]"
images/custom/jack_cole/medium/B/custom_jack_cole_medium_B_0.jpg,5,True,False,83591213,"[1.0, 1.4142135623730951, 1.4142135623730951, 1.4142135623730951, 309.2393894703584]"
images/custom/jack_cole/medium/B/custom_jack_cole_medium_B_1.jpg,5,True,False,87673689,"[0.0, 1.0, 2.23606797749979, 2.23606797749979, 241.7457341919398]"
images/custom/jack_cole/medium/B/custom_jack_cole_medium_B_2.jpg,4,True,True,94366251,"[1.0, 2.0, 2.0, 2.23606797749979]"
images/custom/jack_cole/medium/B/custom_jack_cole_medium_B_3.jpg,4,True,True,97186869,"[2.23606797749979, 2.23606797749979, 2.23606797749979, 3.0]"
images/custom/jack_cole/medium/B/custom_jack_cole_medium_B_4.jpg,4,True,True,86213110,"[1.0, 1.0, 2.23606797749979, 3.1622776601683795]"
images/custom/jack_cole/medium/C/custom_jack_cole_medium_C_0.jpg,3,True,False,90853033,"[1.0, 1.4142135623730951, 2.8284271247461903]"
images/custom/jack_cole/medium/C/custom_jack_cole_medium_C_1.jpg,2,True,False,89431773,"[0.0, 3.0]"
images/custom/jack_cole/medium/C/custom_jack_cole_medium_C_2.jpg,3,False,False,87006421,"[1.0, 2.0, 335.7930910545957]"
images/custom/jack_cole/medium/C/custom_jack_cole_medium_C_3.jpg,2,True,False,83158976,"[2.23606797749979, 2.23606797749979]"
images/custom/jack_cole/medium/C/custom_jack_cole_medium_C_4.jpg,2,True,False,79930299,"[2.23606797749979, 2.8284271247461903]"
images/custom/jack_cole/medium/D/custom_jack_cole_medium_D_0.jpg,4,True,True,92879490,"[2.0, 2.0, 2.0, 2.23606797749979]"
images/custom/jack_cole/medium/D/custom_jack_cole_medium_D_1.jpg,4,True,True,87584462,"[0.0, 1.0, 1.4142135623730951, 2.0]"
images/custom/jack_cole/medium/D/custom_jack_cole_medium_D_2.jpg,4,True,True,94446995,"[1.0, 1.0, 1.0, 2.0]"
images/custom/jack_cole/medium/D/custom_jack_cole_medium_D_3.jpg,4,True,True,89508389,"[1.0, 1.4142135623730951, 1.4142135623730951, 2.23606797749979]"
images/custom/jack_cole/medium/D/custom_jack_cole_medium_D_4.jpg,5,True,False,86400420,"[1.0, 1.4142135623730951, 1.4142135623730951, 2.23606797749979, 433.7614551801485]"
images/custom/jack_cole/short/A/custom_jack_cole_short_A_0.jpg,5,True,False,102528428,"[1.0, 2.23606797749979, 3.1622776601683795, 3.605551275463989, 427.15453877958504]"
images/custom/jack_cole/short/A/custom_jack_cole_short_A_1.jpg,4,True,True,105070123,"[2.0, 2.23606797749979, 3.0, 3.0]"
images/custom/jack_cole/short/A/custom_jack_cole_short_A_2.jpg,5,True,False,100425622,"[1.0, 1.0, 1.0, 1.4142135623730951, 78.29431652425353]"
images/custom/jack_cole/short/A/custom_jack_cole_short_A_3.jpg,4,True,True,106786119,"[1.4142135623730951, 1.4142135623730951, 2.8284271247461903, 3.1622776601683795]"
images/custom/jack_cole/short/A/custom_jack_cole_short_A_4.jpg,4,True,True,101195236,"[1.4142135623730951, 2.23606797749979, 2.23606797749979, 3.605551275463989]"
images/custom/jack_cole/short/B/custom_jack_cole_short_B_0.jpg,4,True,True,96507656,"[0.0, 1.0, 2.0, 2.23606797749979]"
images/custom/jack_cole/short/B/custom_jack_cole_short_B_1.jpg,4,True,True,102048157,"[0.0, 1.0, 1.0, 2.0]"
images/custom/jack_cole/short/B/custom_jack_cole_short_B_2.jpg,4,True,True,104269010,"[1.0, 1.0, 1.4142135623730951, 2.0]"
images/custom/jack_cole/short/B/custom_jack_cole_short_B_3.jpg,4,True,True,104706983,"[0.0, 1.0, 1.4142135623730951, 2.0]"
images/custom/jack_cole/short/B/custom_jack_cole_short_B_4.jpg,4,True,True,94223412,"[0.0, 1.0, 1.4142135623730951, 2.23606797749979]"
images/custom/jack_cole/short/C/custom_jack_cole_short_C_0.jpg,3,False,False,96360981,"[1.0, 1.0, 9.055385138137417]"
images/custom/jack_cole/short/C/custom_jack_cole_short_C_1.jpg,3,True,False,103503211,"[1.4142135623730951, 3.0, 3.1622776601683795]"
images/custom/jack_cole/short/C/custom_jack_cole_short_C_2.jpg,4,False,False,99680775,"[1.0, 2.0, 5.830951894845301, 909.393204285143]"
images/custom/jack_cole/short/C/custom_jack_cole_short_C_3.jpg,4,False,False,88031660,"[2.23606797749979, 3.1622776601683795, 3.1622776601683795, 438.32065887886233]"
images/custom/jack_cole/short/C/custom_jack_cole_short_C_4.jpg,3,True,False,87249343,"[1.0, 2.8284271247461903, 3.0]"
images/custom/jack_cole/short/D/custom_jack_cole_short_D_0.jpg,4,True,True,105510050,"[0.0, 1.4142135623730951, 2.0, 2.23606797749979]"
images/custom/jack_cole/short/D/custom_jack_cole_short_D_1.jpg,4,True,True,100113878,"[0.0, 1.4142135623730951, 2.0, 2.23606797749979]"
images/custom/jack_cole/short/D/custom_jack_cole_short_D_2.jpg,4,True,True,99376786,"[1.0, 1.0, 1.4142135623730951, 1.4142135623730951]"
images/custom/jack_cole/short/D/custom_jack_cole_short_D_3.jpg,5,True,False,100833626,"[0.0, 2.23606797749979, 2.23606797749979, 3.1622776601683795, 441.4034435751493]"
images/custom/jack_cole/short/D/custom_jack_cole_short_D_4.jpg,4,True,True,100450285,"[2.0, 2.23606797749979, 2.8284271247461903, 2.8284271247461903]"
images/custom/john_honey/high/A/custom_john_honey_high_A_0.jpg,4,True,True,97173526,"[0.0, 1.0, 3.0, 3.1622776601683795]"
images/custom/john_honey/high/A/custom_john_honey_high_A_1.jpg,4,False,False,101185358,"[1.4142135623730951, 1.4142135623730951, 1.4142135623730951, 320.67740799750766]"
images/custom/john_honey/high/A/custom_john_honey_high_A_2.jpg,4,True,True,98522990,"[0.0, 1.0, 1.4142135623730951, 1.4142135623730951]"
images/custom/john_honey/high/A/custom_john_honey_high_A_3.jpg,4,True,True,96021192,"[0.0, 1.0, 2.23606797749979, 2.8284271247461903]"
images/custom/john_honey/high/A/custom_john_honey_high_A_4.jpg,4,True,True,93086008,"[1.0, 1.0, 1.4142135623730951, 1.4142135623730951]"
images/custom/john_honey/high/B/custom_john_honey_high_B_0.jpg,4,False,False,96012382,"[1.0, 1.0, 2.0, 155.0129026887762]"
images/custom/john_honey/high/B/custom_john_honey_high_B_1.jpg,3,True,False,94660492,"[0.0, 1.4142135623730951, 2.0]"
images/custom/john_honey/high/B/custom_john_honey_high_B_2.jpg,3,True,False,91487733,"[1.0, 2.0, 3.1622776601683795]"
images/custom/john_honey/high/B/custom_john_honey_high_B_3.jpg,3,True,False,91059842,"[1.4142135623730951, 2.0, 3.0]"
images/custom/john_honey/high/B/custom_john_honey_high_B_4.jpg,3,True,False,89412680,"[1.0, 1.0, 1.4142135623730951]"
images/custom/john_honey/high/C/custom_john_honey_high_C_0.jpg,2,True,False,96205290,"[1.0, 1.4142135623730951]"
images/custom/john_honey/high/C/custom_john_honey_high_C_1.jpg,2,True,False,97314996,"[1.4142135623730951, 2.0]"
images/custom/john_honey/high/C/custom_john_honey_high_C_2.jpg,3,False,False,100504892,"[0.0, 1.0, 301.42494919963076]"
images/custom/john_honey/high/C/custom_john_honey_high_C_3.jpg,4,False,False,101357132,"[1.0, 1.0, 261.1991577321795, 389.0629769073382]"
images/custom/john_honey/high/C/custom_john_honey_high_C_4.jpg,2,True,False,86638747,"[1.4142135623730951, 1.4142135623730951]"
images/custom/john_honey/high/D/custom_john_honey_high_D_0.jpg,5,True,False,89402119,"[0.0, 1.0, 1.0, 1.4142135623730951, 273.3093485411723]"
images/custom/john_honey/high/D/custom_john_honey_high_D_1.jpg,4,True,True,92645788,"[1.0, 1.0, 1.0, 2.23606797749979]"
images/custom/john_honey/high/D/custom_john_honey_high_D_2.jpg,4,True,True,95048912,"[0.0, 1.0, 2.0, 2.23606797749979]"
images/custom/john_honey/high/D/custom_john_honey_high_D_3.jpg,4,True,True,94437783,"[1.0, 1.0, 1.4142135623730951, 1.4142135623730951]"
images/custom/john_honey/high/D/custom_john_honey_high_D_4.jpg,4,True,True,92293689,"[1.0, 1.0, 2.0, 2.23606797749979]"
images/custom/john_honey/medium/A/custom_john_honey_medium_A_0.jpg,4,True,True,95134411,"[0.0, 1.0, 1.0, 1.4142135623730951]"
images/custom/john_honey/medium/A/custom_john_honey_medium_A_1.jpg,4,True,True,97389749,"[0.0, 1.0, 1.0, 1.4142135623730951]"
images/custom/john_honey/medium/A/custom_john_honey_medium_A_2.jpg,4,True,True,99459693,"[0.0, 1.0, 1.0, 1.4142135623730951]"
images/custom/john_honey/medium/A/custom_john_honey_medium_A_3.jpg,4,True,True,99239350,"[1.0, 1.4142135623730951, 1.4142135623730951, 2.0]"
images/custom/john_honey/medium/A/custom_john_honey_medium_A_4.jpg,4,True,True,97776503,"[1.0, 1.0, 1.4142135623730951, 1.4142135623730951]"
images/custom/john_honey/medium/B/custom_john_honey_medium_B_0.jpg,5,True,False,104931884,"[1.0, 1.0, 1.0, 1.4142135623730951, 121.2023102090055]"
images/custom/john_honey/medium/B/custom_john_honey_medium_B_1.jpg,4,True,True,103035957,"[1.0, 1.0, 2.23606797749979, 2.23606797749979]"
images/custom/john_honey/medium/B/custom_john_honey_medium_B_2.jpg,4,True,True,95117947,"[0.0, 1.4142135623730951, 2.23606797749979, 2.23606797749979]"
images/custom/john_honey/medium/B/custom_john_honey_medium_B_3.jpg,4,True,True,92397137,"[0.0, 2.0, 2.0, 2.8284271247461903]"
images/custom/john_honey/medium/B/custom_john_honey_medium_B_4.jpg,5,True,False,100513588,"[1.0, 1.0, 1.4142135623730951, 2.23606797749979, 83.19254774317228]"
images/custom/john_honey/medium/C/custom_john_honey_medium_C_0.jpg,3,True,False,102817140,"[1.0, 1.0, 1.4142135623730951]"
images/custom/john_honey/medium/C/custom_john_honey_medium_C_1.jpg,3,True,False,103615561,"[1.0, 1.4142135623730951, 1.4142135623730951]"
images/custom/john_honey/medium/C/custom_john_honey_medium_C_2.jpg,2,True,False,98867022,"[1.0, 1.4142135623730951]"
images/custom/john_honey/medium/C/custom_john_honey_medium_C_3.jpg,2,True,False,99839053,"[0.0, 1.4142135623730951]"
images/custom/john_honey/medium/C/custom_john_honey_medium_C_4.jpg,2,True,False,97071862,"[1.0, 1.0]"
images/custom/john_honey/medium/D/custom_john_honey_medium_D_0.jpg,4,True,True,98616852,"[0.0, 1.0, 1.4142135623730951, 2.23606797749979]"
images/custom/john_honey/medium/D/custom_john_honey_medium_D_1.jpg,4,True,True,94683974,"[0.0, 0.0, 1.4142135623730951, 1.4142135623730951]"
images/custom/john_honey/medium/D/custom_john_honey_medium_D_2.jpg,4,True,True,94721788,"[0.0, 1.4142135623730951, 1.4142135623730951, 1.4142135623730951]"
images/custom/john_honey/medium/D/custom_john_honey_medium_D_3.jpg,4,True,True,95940652,"[0.0, 1.0, 1.4142135623730951, 2.23606797749979]"
images/custom/john_honey/medium/D/custom_john_honey_medium_D_4.jpg,4,True,True,95804759,"[1.0, 1.4142135623730951, 1.4142135623730951, 2.23606797749979]"
images/custom/john_honey/short/A/custom_john_honey_short_A_0.jpg,4,True,True,100310338,"[0.0, 1.0, 1.0, 2.0]"
images/custom/john_honey/short/A/custom_john_honey_short_A_1.jpg,4,True,True,99740154,"[1.0, 1.4142135623730951, 2.23606797749979, 3.0]"
images/custom/john_honey/short/A/custom_john_honey_short_A_2.jpg,4,True,True,101085961,"[1.0, 1.4142135623730951, 1.4142135623730951, 2.0]"
images/custom/john_honey/short/A/custom_john_honey_short_A_3.jpg,4,True,True,103273624,"[1.0, 1.4142135623730951, 2.0, 2.0]"
images/custom/john_honey/short/A/custom_john_honey_short_A_4.jpg,4,True,True,104575858,"[0.0, 1.4142135623730951, 2.23606797749979, 2.23606797749979]"
images/custom/john_honey/short/B/custom_john_honey_short_B_0.jpg,4,True,True,101528842,"[1.0, 1.0, 2.23606797749979, 2.23606797749979]"
images/custom/john_honey/short/B/custom_john_honey_short_B_1.jpg,4,True,True,103012799,"[0.0, 2.0, 2.23606797749979, 3.0]"
images/custom/john_honey/short/B/custom_john_honey_short_B_2.jpg,4,True,True,101253053,"[1.0, 1.0, 1.4142135623730951, 1.4142135623730951]"
images/custom/john_honey/short/B/custom_john_honey_short_B_3.jpg,4,True,True,102980831,"[1.0, 1.0, 1.0, 3.0]"
images/custom/john_honey/short/B/custom_john_honey_short_B_4.jpg,4,True,True,97083205,"[1.0, 1.0, 1.0, 1.4142135623730951]"
images/custom/john_honey/short/C/custom_john_honey_short_C_0.jpg,2,True,False,106036656,"[1.4142135623730951, 1.4142135623730951]"
images/custom/john_honey/short/C/custom_john_honey_short_C_1.jpg,2,True,False,104907308,"[1.0, 2.23606797749979]"
images/custom/john_honey/short/C/custom_john_honey_short_C_2.jpg,2,True,False,104581990,"[1.0, 1.4142135623730951]"
images/custom/john_honey/short/C/custom_john_honey_short_C_3.jpg,3,True,False,102356895,"[1.0, 2.0, 2.0]"
images/custom/john_honey/short/C/custom_john_honey_short_C_4.jpg,3,True,False,104544638,"[0.0, 1.4142135623730951, 1.4142135623730951]"
images/custom/john_honey/short/D/custom_john_honey_short_D_0.jpg,4,True,True,109403460,"[0.0, 1.4142135623730951, 1.4142135623730951, 2.8284271247461903]"
images/custom/john_honey/short/D/custom_john_honey_short_D_1.jpg,4,True,True,103663129,"[1.0, 1.0, 1.4142135623730951, 1.4142135623730951]"
images/custom/john_honey/short/D/custom_john_honey_short_D_2.jpg,5,True,False,107331495,"[1.0, 1.4142135623730951, 1.4142135623730951, 2.0, 140.05713120009278]"
images/custom/john_honey/short/D/custom_john_honey_short_D_3.jpg,5,True,False,103729409,"[0.0, 1.4142135623730951, 1.4142135623730951, 2.0, 665.9016443890193]"
images/custom/john_honey/short/D/custom_john_honey_short_D_4.jpg,4,True,True,108210713,"[0.0, 1.0, 1.0, 1.4142135623730951]"
images/custom/michaels/high/A/custom_michaels_high_A_0.jpg,2,True,False,81003771,"[0.0, 2.0]"
images/custom/michaels/high/A/custom_michaels_high_A_1.jpg,3,True,False,84531906,"[1.0, 1.0, 2.23606797749979]"
images/custom/michaels/high/A/custom_michaels_high_A_2.jpg,4,True,True,85357546,"[1.0, 1.0, 1.4142135623730951, 1.4142135623730951]"
images/custom/michaels/high/A/custom_michaels_high_A_3.jpg,4,True,True,85679038,"[0.0, 1.0, 1.0, 1.0]"
images/custom/michaels/high/A/custom_michaels_high_A_4.jpg,4,True,True,79163206,"[0.0, 1.4142135623730951, 1.4142135623730951, 2.0]"
images/custom/michaels/high/B/custom_michaels_high_B_0.jpg,3,True,False,83487527,"[0.0, 1.0, 2.8284271247461903]"
images/custom/michaels/high/B/custom_michaels_high_B_1.jpg,5,True,False,84342429,"[1.0, 1.0, 1.4142135623730951, 2.0, 106.78014796768171]"
images/custom/michaels/high/B/custom_michaels_high_B_2.jpg,4,True,True,84646960,"[1.0, 1.4142135623730951, 1.4142135623730951, 3.0]"
images/custom/michaels/high/B/custom_michaels_high_B_3.jpg,2,True,False,85404667,"[1.0, 2.23606797749979]"
images/custom/michaels/high/B/custom_michaels_high_B_4.jpg,4,True,True,79433133,"[0.0, 1.0, 1.4142135623730951, 1.4142135623730951]"
images/custom/michaels/high/C/custom_michaels_high_C_0.jpg,2,True,False,82160380,"[1.4142135623730951, 2.23606797749979]"
images/custom/michaels/high/C/custom_michaels_high_C_1.jpg,2,True,False,81966125,"[0.0, 1.4142135623730951]"
images/custom/michaels/high/C/custom_michaels_high_C_2.jpg,2,True,False,83602493,"[1.0, 1.0]"
images/custom/michaels/high/C/custom_michaels_high_C_3.jpg,2,True,False,82298769,"[1.0, 1.4142135623730951]"
images/custom/michaels/high/C/custom_michaels_high_C_4.jpg,2,True,False,78420115,"[2.0, 2.23606797749979]"
images/custom/michaels/high/D/custom_michaels_high_D_0.jpg,4,True,True,87333841,"[0.0, 0.0, 1.0, 1.4142135623730951]"
images/custom/michaels/high/D/custom_michaels_high_D_1.jpg,4,True,True,79618992,"[1.0, 1.0, 1.4142135623730951, 2.23606797749979]"
images/custom/michaels/high/D/custom_michaels_high_D_2.jpg,4,True,True,77400904,"[1.0, 1.0, 1.0, 1.4142135623730951]"
images/custom/michaels/high/D/custom_michaels_high_D_3.jpg,4,True,True,84729127,"[1.0, 1.0, 1.0, 1.4142135623730951]"
images/custom/michaels/high/D/custom_michaels_high_D_4.jpg,4,True,True,82397764,"[1.0, 1.4142135623730951, 1.4142135623730951, 1.4142135623730951]"
images/custom/michaels/medium/A/custom_michaels_medium_A_0.jpg,4,True,True,88838966,"[0.0, 1.4142135623730951, 2.0, 2.23606797749979]"
images/custom/michaels/medium/A/custom_michaels_medium_A_1.jpg,5,True,False,98748068,"[0.0, 0.0, 1.0, 2.0, 215.56437553547664]"
images/custom/michaels/medium/A/custom_michaels_medium_A_2.jpg,5,True,False,85618341,"[1.0, 1.4142135623730951, 1.4142135623730951, 3.0, 415.38897433610344]"
images/custom/michaels/medium/A/custom_michaels_medium_A_3.jpg,4,True,True,86648937,"[1.0, 1.0, 2.0, 2.23606797749979]"
images/custom/michaels/medium/A/custom_michaels_medium_A_4.jpg,4,True,True,91198097,"[0.0, 1.0, 1.4142135623730951, 1.4142135623730951]"
images/custom/michaels/medium/B/custom_michaels_medium_B_0.jpg,4,True,True,90484562,"[1.0, 1.0, 1.0, 1.4142135623730951]"
images/custom/michaels/medium/B/custom_michaels_medium_B_1.jpg,6,True,False,91778226,"[0.0, 0.0, 1.4142135623730951, 2.23606797749979, 242.0743687382041, 275.3924472457442]"
images/custom/michaels/medium/B/custom_michaels_medium_B_2.jpg,4,True,True,91192757,"[0.0, 1.4142135623730951, 2.23606797749979, 2.23606797749979]"
images/custom/michaels/medium/B/custom_michaels_medium_B_3.jpg,5,True,False,87706360,"[0.0, 1.0, 1.4142135623730951, 2.23606797749979, 251.19116226491727]"
images/custom/michaels/medium/B/custom_michaels_medium_B_4.jpg,4,True,True,91889495,"[1.0, 1.0, 1.4142135623730951, 2.0]"
images/custom/michaels/medium/C/custom_michaels_medium_C_0.jpg,2,True,False,98216870,"[1.0, 1.0]"
images/custom/michaels/medium/C/custom_michaels_medium_C_1.jpg,2,True,False,96128344,"[1.0, 1.4142135623730951]"
images/custom/michaels/medium/C/custom_michaels_medium_C_2.jpg,3,False,False,91538373,"[1.4142135623730951, 2.23606797749979, 139.5313584826006]"
images/custom/michaels/medium/C/custom_michaels_medium_C_3.jpg,2,True,False,89817688,"[1.4142135623730951, 2.23606797749979]"
images/custom/michaels/medium/C/custom_michaels_medium_C_4.jpg,2,True,False,88433335,"[0.0, 0.0]"
images/custom/michaels/medium/D/custom_michaels_medium_D_0.jpg,4,False,False,91253110,"[1.0, 1.0, 1.0, 6.324555320336759]"
images/custom/michaels/medium/D/custom_michaels_medium_D_1.jpg,5,True,False,85252808,"[0.0, 0.0, 1.4142135623730951, 2.23606797749979, 199.48433522459854]"
images/custom/michaels/medium/D/custom_michaels_medium_D_2.jpg,4,True,True,91841253,"[0.0, 0.0, 1.0, 1.4142135623730951]"
images/custom/michaels/medium/D/custom_michaels_medium_D_3.jpg,4,True,True,88221035,"[1.0, 1.0, 1.4142135623730951, 1.4142135623730951]"
images/custom/michaels/medium/D/custom_michaels_medium_D_4.jpg,4,True,True,90266069,"[0.0, 1.0, 1.4142135623730951, 2.23606797749979]"
images/custom/michaels/short/A/custom_michaels_short_A_0.jpg,4,True,True,91525102,"[1.0, 1.0, 1.0, 2.23606797749979]"
images/custom/michaels/short/A/custom_michaels_short_A_1.jpg,4,True,True,90679186,"[0.0, 1.0, 1.0, 1.4142135623730951]"
images/custom/michaels/short/A/custom_michaels_short_A_2.jpg,4,True,True,95226780,"[0.0, 1.4142135623730951, 1.4142135623730951, 2.0]"
images/custom/michaels/short/A/custom_michaels_short_A_3.jpg,4,True,True,90908917,"[1.0, 2.23606797749979, 2.23606797749979, 2.23606797749979]"
images/custom/michaels/short/A/custom_michaels_short_A_4.jpg,4,True,True,91101884,"[2.0, 2.23606797749979, 2.23606797749979, 2.23606797749979]"
images/custom/michaels/short/B/custom_michaels_short_B_0.jpg,5,True,False,93050774,"[1.0, 1.4142135623730951, 1.4142135623730951, 2.23606797749979, 90.35485598461214]"
images/custom/michaels/short/B/custom_michaels_short_B_1.jpg,4,True,True,89206263,"[1.0, 1.0, 2.23606797749979, 2.8284271247461903]"
images/custom/michaels/short/B/custom_michaels_short_B_2.jpg,4,True,True,93479136,"[1.0, 1.4142135623730951, 1.4142135623730951, 2.0]"
images/custom/michaels/short/B/custom_michaels_short_B_3.jpg,3,True,False,95664607,"[1.4142135623730951, 1.4142135623730951, 2.0]"
images/custom/michaels/short/B/custom_michaels_short_B_4.jpg,4,True,True,87352903,"[1.4142135623730951, 2.0, 2.0, 2.23606797749979]"
images/custom/michaels/short/C/custom_michaels_short_C_0.jpg,2,True,False,87272496,"[0.0, 1.0]"
images/custom/michaels/short/C/custom_michaels_short_C_1.jpg,2,True,False,87584821,"[1.0, 1.0]"
images/custom/michaels/short/C/custom_michaels_short_C_2.jpg,2,True,False,89772173,"[1.0, 1.0]"
images/custom/michaels/short/C/custom_michaels_short_C_3.jpg,3,True,False,92545216,"[1.4142135623730951, 1.4142135623730951, 2.23606797749979]"
images/custom/michaels/short/C/custom_michaels_short_C_4.jpg,3,True,False,89154446,"[1.0, 1.4142135623730951, 2.0]"
images/custom/michaels/short/D/custom_michaels_short_D_0.jpg,3,True,False,94513664,"[1.4142135623730951, 2.0, 2.0]"
images/custom/michaels/short/D/custom_michaels_short_D_1.jpg,4,True,True,94184054,"[1.0, 1.4142135623730951, 1.4142135623730951, 2.23606797749979]"
images/custom/michaels/short/D/custom_michaels_short_D_2.jpg,4,True,True,97860654,"[0.0, 2.0, 2.23606797749979, 2.23606797749979]"
images/custom/michaels/short/D/custom_michaels_short_D_3.jpg,4,True,True,88556256,"[1.4142135623730951, 1.4142135623730951, 1.4142135623730951, 3.0]"
images/custom/michaels/short/D/custom_michaels_short_D_4.jpg,4,True,True,92132708,"[0.0, 1.0, 2.0, 3.0]"
images/dark/davids/high/A/dark_davids_high_A_0.jpg,3,True,False,94699741,"[1.0, 1.0, 2.23606797749979]"
images/dark/davids/high/A/dark_davids_high_A_1.jpg,3,True,False,91761676,"[1.0, 1.4142135623730951, 2.23606797749979]"
images/dark/davids/high/A/dark_davids_high_A_2.jpg,4,True,True,83351802,"[1.0, 1.0, 1.0, 1.4142135623730951]"
images/dark/davids/high/A/dark_davids_high_A_3.jpg,4,False,False,90381486,"[2.0, 2.23606797749979, 2.23606797749979, 191.049731745428]"
images/dark/davids/high/A/dark_davids_high_A_4.jpg,5,True,False,84260003,"[1.0, 1.0, 1.4142135623730951, 1.4142135623730951, 104.23531071570709]"
images/dark/davids/high/B/dark_davids_high_B_0.jpg,4,True,True,95980146,"[1.0, 1.0, 1.0, 1.4142135623730951]"
images/dark/davids/high/B/dark_davids_high_B_1.jpg,4,True,True,97615533,"[1.0, 1.0, 2.0, 2.23606797749979]"
images/dark/davids/high/B/dark_davids_high_B_2.jpg,4,True,True,95661368,"[1.0, 1.0, 1.4142135623730951, 2.23606797749979]"
images/dark/davids/high/B/dark_davids_high_B_3.jpg,4,True,True,98498980,"[1.0, 1.4142135623730951, 2.0, 2.23606797749979]"
images/dark/davids/high/B/dark_davids_high_B_4.jpg,4,True,True,91913278,"[1.0, 1.4142135623730951, 1.4142135623730951, 1.4142135623730951]"
images/dark/davids/high/C/dark_davids_high_C_0.jpg,5,True,False,97202989,"[0.0, 1.4142135623730951, 1.4142135623730951, 2.23606797749979, 522.0823689802213]"
images/dark/davids/high/C/dark_davids_high_C_1.jpg,5,True,False,100595642,"[0.0, 1.0, 1.4142135623730951, 2.0, 475.9180601742279]"
images/dark/davids/high/C/dark_davids_high_C_2.jpg,5,True,False,98706852,"[0.0, 1.0, 1.0, 1.4142135623730951, 475.10525149697094]"
images/dark/davids/high/C/dark_davids_high_C_3.jpg,5,True,False,89805270,"[1.0, 1.0, 1.4142135623730951, 2.0, 494.453233380064]"
images/dark/davids/high/C/dark_davids_high_C_4.jpg,6,True,False,78114241,"[0.0, 1.0, 1.0, 2.0, 191.01047091717248, 493.87953996900904]"
images/dark/davids/high/D/dark_davids_high_D_0.jpg,4,True,True,83018248,"[0.0, 0.0, 1.4142135623730951, 2.0]"
images/dark/davids/high/D/dark_davids_high_D_1.jpg,3,True,False,87771508,"[0.0, 1.0, 1.4142135623730951]"
images/dark/davids/high/D/dark_davids_high_D_2.jpg,4,False,False,93421107,"[1.0, 1.4142135623730951, 6.082762530298219, 230.79428069170172]"
images/dark/davids/high/D/dark_davids_high_D_3.jpg,3,False,False,92093127,"[1.0, 1.4142135623730951, 8.94427190999916]"
images/dark/davids/high/D/dark_davids_high_D_4.jpg,4,True,True,88945076,"[0.0, 1.0, 1.0, 1.4142135623730951]"
images/dark/davids/medium/A/dark_davids_medium_A_0.jpg,3,True,False,91078132,"[1.0, 1.4142135623730951, 2.23606797749979]"
images/dark/davids/medium/A/dark_davids_medium_A_1.jpg,3,True,False,96082337,"[0.0, 1.0, 1.4142135623730951]"
images/dark/davids/medium/A/dark_davids_medium_A_2.jpg,4,True,True,100780860,"[0.0, 1.0, 1.0, 2.0]"
images/dark/davids/medium/A/dark_davids_medium_A_3.jpg,4,True,True,115817779,"[1.4142135623730951, 2.0, 2.23606797749979, 2.23606797749979]"
images/dark/davids/medium/A/dark_davids_medium_A_4.jpg,3,True,False,86662934,"[1.0, 1.4142135623730951, 2.23606797749979]"
images/dark/davids/medium/B/dark_davids_medium_B_0.jpg,6,True,False,96927501,"[1.0, 1.0, 1.4142135623730951, 2.0, 615.4421175057813, 671.8720116212611]"
images/dark/davids/medium/B/dark_davids_medium_B_1.jpg,6,True,False,90479728,"[1.0, 1.4142135623730951, 2.0, 2.23606797749979, 474.911570716065, 543.111406619305]"
images/dark/davids/medium/B/dark_davids_medium_B_2.jpg,6,True,False,86579488,"[1.4142135623730951, 1.4142135623730951, 2.23606797749979, 2.23606797749979, 471.4764044997374, 539.3922505932023]"
images/dark/davids/medium/B/dark_davids_medium_B_3.jpg,6,True,False,93915436,"[1.0, 1.0, 1.4142135623730951, 2.23606797749979, 470.73665674132496, 539.1567490071881]"
images/dark/davids/medium/B/dark_davids_medium_B_4.jpg,7,True,False,86704160,"[1.0, 1.0, 1.4142135623730951, 2.23606797749979, 298.9180489699476, 520.2547452931112, 589.6007123469238]"
images/dark/davids/medium/C/dark_davids_medium_C_0.jpg,4,True,True,94655233,"[0.0, 1.0, 1.0, 1.0]"
images/dark/davids/medium/C/dark_davids_medium_C_1.jpg,3,True,False,97882311,"[1.0, 1.4142135623730951, 2.0]"
images/dark/davids/medium/C/dark_davids_medium_C_2.jpg,3,True,False,86321292,"[1.0, 1.0, 2.23606797749979]"
images/dark/davids/medium/C/dark_davids_medium_C_3.jpg,3,True,False,89608611,"[0.0, 1.4142135623730951, 1.4142135623730951]"
images/dark/davids/medium/C/dark_davids_medium_C_4.jpg,4,True,True,86189957,"[0.0, 1.0, 1.4142135623730951, 2.23606797749979]"
images/dark/davids/medium/D/dark_davids_medium_D_0.jpg,5,False,False,91323714,"[1.4142135623730951, 2.23606797749979, 10.770329614269007, 11.045361017187261, 590.0]"
images/dark/davids/medium/D/dark_davids_medium_D_1.jpg,5,False,False,88552353,"[1.0, 2.0, 10.04987562112089, 11.0, 586.8466579950848]"
images/dark/davids/medium/D/dark_davids_medium_D_2.jpg,3,False,False,96590661,"[2.23606797749979, 3.1622776601683795, 431.6132528085763]"
images/dark/davids/medium/D/dark_davids_medium_D_3.jpg,4,False,False,87082769,"[1.0, 2.0, 3.605551275463989, 435.15744277215344]"
images/dark/davids/medium/D/dark_davids_medium_D_4.jpg,4,False,False,86450175,"[1.0, 2.0, 2.23606797749979, 733.6163847679521]"
images/dark/davids/short/A/dark_davids_short_A_0.jpg,4,True,True,99413644,"[1.4142135623730951, 2.0, 2.23606797749979, 3.605551275463989]"
images/dark/davids/short/A/dark_davids_short_A_1.jpg,4,True,True,89124995,"[1.0, 1.4142135623730951, 2.0, 2.0]"
images/dark/davids/short/A/dark_davids_short_A_2.jpg,4,True,True,100332901,"[1.0, 1.4142135623730951, 2.23606797749979, 3.1622776601683795]"
images/dark/davids/short/A/dark_davids_short_A_3.jpg,4,True,True,113418480,"[1.4142135623730951, 2.0, 2.23606797749979, 4.0]"
images/dark/davids/short/A/dark_davids_short_A_4.jpg,4,True,True,93962393,"[0.0, 1.0, 2.0, 2.23606797749979]"
images/dark/davids/short/B/dark_davids_short_B_0.jpg,4,True,True,94032642,"[1.4142135623730951, 1.4142135623730951, 2.0, 3.605551275463989]"
images/dark/davids/short/B/dark_davids_short_B_1.jpg,4,True,True,100646890,"[1.0, 1.0, 1.4142135623730951, 1.4142135623730951]"
images/dark/davids/short/B/dark_davids_short_B_2.jpg,4,True,True,87946651,"[1.0, 1.4142135623730951, 2.0, 2.0]"
images/dark/davids/short/B/dark_davids_short_B_3.jpg,5,True,False,88858680,"[1.0, 1.0, 3.0, 3.0, 305.82511342268805]"
images/dark/davids/short/B/dark_davids_short_B_4.jpg,4,True,True,86599825,"[0.0, 1.0, 1.0, 2.23606797749979]"
images/dark/davids/short/C/dark_davids_short_C_0.jpg,4,True,True,83190343,"[1.0, 1.4142135623730951, 1.4142135623730951, 2.23606797749979]"
images/dark/davids/short/C/dark_davids_short_C_1.jpg,4,True,True,93103410,"[1.0, 1.0, 1.4142135623730951, 2.23606797749979]"
images/dark/davids/short/C/dark_davids_short_C_2.jpg,4,True,True,88553869,"[2.23606797749979, 2.23606797749979, 2.23606797749979, 3.1622776601683795]"
images/dark/davids/short/C/dark_davids_short_C_3.jpg,3,True,False,100354981,"[0.0, 1.0, 1.4142135623730951]"
images/dark/davids/short/C/dark_davids_short_C_4.jpg,5,True,False,96762715,"[1.0, 1.4142135623730951, 1.4142135623730951, 3.0, 529.1587663452246]"
images/dark/davids/short/D/dark_davids_short_D_0.jpg,4,True,True,100049158,"[0.0, 1.0, 1.4142135623730951, 1.4142135623730951]"
images/dark/davids/short/D/dark_davids_short_D_1.jpg,4,True,True,100842355,"[1.0, 1.4142135623730951, 3.0, 3.605551275463989]"
images/dark/davids/short/D/dark_davids_short_D_2.jpg,4,False,False,101208422,"[0.0, 1.0, 2.0, 8.246211251235321]"
images/dark/davids/short/D/dark_davids_short_D_3.jpg,4,False,False,91664191,"[1.0, 1.4142135623730951, 2.23606797749979, 10.63014581273465]"
images/dark/davids/short/D/dark_davids_short_D_4.jpg,4,True,True,90958256,"[2.0, 2.23606797749979, 3.0, 3.1622776601683795]"
images/dark/jack_cole/high/A/dark_jack_cole_high_A_0.jpg,4,True,True,89954075,"[0.0, 0.0, 1.4142135623730951, 2.0]"
images/dark/jack_cole/high/A/dark_jack_cole_high_A_1.jpg,4,True,True,81969692,"[0.0, 1.0, 1.4142135623730951, 1.4142135623730951]"
images/dark/jack_cole/high/A/dark_jack_cole_high_A_2.jpg,4,True,True,89010015,"[0.0, 1.0, 1.0, 3.1622776601683795]"
images/dark/jack_cole/high/A/dark_jack_cole_high_A_3.jpg,4,True,True,89364018,"[0.0, 1.0, 1.0, 1.0]"
images/dark/jack_cole/high/A/dark_jack_cole_high_A_4.jpg,4,True,True,88558638,"[1.0, 1.4142135623730951, 1.4142135623730951, 2.23606797749979]"
images/dark/jack_cole/high/B/dark_jack_cole_high_B_0.jpg,5,True,False,87186633,"[0.0, 1.0, 1.0, 1.4142135623730951, 317.35154009394694]"
images/dark/jack_cole/high/B/dark_jack_cole_high_B_1.jpg,4,True,True,85302309,"[1.0, 1.0, 2.0, 2.23606797749979]"
images/dark/jack_cole/high/B/dark_jack_cole_high_B_2.jpg,4,True,True,87855918,"[1.0, 1.0, 2.0, 2.23606797749979]"
images/dark/jack_cole/high/B/dark_jack_cole_high_B_3.jpg,4,True,True,84150007,"[1.0, 1.0, 1.0, 3.0]"
images/dark/jack_cole/high/B/dark_jack_cole_high_B_4.jpg,4,True,True,79926027,"[1.0, 1.0, 1.0, 1.4142135623730951]"
images/dark/jack_cole/high/C/dark_jack_cole_high_C_0.jpg,4,True,True,88268584,"[1.0, 1.4142135623730951, 2.0, 2.23606797749979]"
images/dark/jack_cole/high/C/dark_jack_cole_high_C_1.jpg,4,True,True,98376110,"[1.0, 1.0, 1.4142135623730951, 1.4142135623730951]"
images/dark/jack_cole/high/C/dark_jack_cole_high_C_2.jpg,5,True,False,91107066,"[0.0, 0.0, 1.4142135623730951, 2.23606797749979, 330.3346787729075]"
images/dark/jack_cole/high/C/dark_jack_cole_high_C_3.jpg,5,True,False,88948901,"[1.0, 1.4142135623730951, 1.4142135623730951, 2.23606797749979, 328.27427556846425]"
images/dark/jack_cole/high/C/dark_jack_cole_high_C_4.jpg,4,True,True,89022165,"[1.4142135623730951, 1.4142135623730951, 2.23606797749979, 2.23606797749979]"
images/dark/jack_cole/high/D/dark_jack_cole_high_D_0.jpg,4,True,True,81371381,"[1.0, 1.4142135623730951, 2.0, 2.23606797749979]"
images/dark/jack_cole/high/D/dark_jack_cole_high_D_1.jpg,4,True,True,78414796,"[1.0, 1.4142135623730951, 2.0, 2.23606797749979]"
images/dark/jack_cole/high/D/dark_jack_cole_high_D_2.jpg,4,True,True,84175558,"[1.0, 1.0, 1.0, 3.0]"
images/dark/jack_cole/high/D/dark_jack_cole_high_D_3.jpg,4,True,True,86467360,"[1.0, 1.0, 1.4142135623730951, 2.23606797749979]"
images/dark/jack_cole/high/D/dark_jack_cole_high_D_4.jpg,4,True,True,82660570,"[1.4142135623730951, 1.4142135623730951, 2.0, 2.23606797749979]"
images/dark/jack_cole/medium/A/dark_jack_cole_medium_A_0.jpg,4,True,True,83998355,"[1.0, 1.0, 1.0, 2.23606797749979]"
images/dark/jack_cole/medium/A/dark_jack_cole_medium_A_1.jpg,4,True,True,80758259,"[1.0, 1.4142135623730951, 2.23606797749979, 2.8284271247461903]"
images/dark/jack_cole/medium/A/dark_jack_cole_medium_A_2.jpg,4,True,True,88869450,"[1.0, 1.0, 1.4142135623730951, 3.0]"
images/dark/jack_cole/medium/A/dark_jack_cole_medium_A_3.jpg,4,True,True,86934924,"[0.0, 1.4142135623730951, 2.0, 2.23606797749979]"
images/dark/jack_cole/medium/A/dark_jack_cole_medium_A_4.jpg,3,True,False,84958156,"[0.0, 1.0, 1.4142135623730951]"
images/dark/jack_cole/medium/B/dark_jack_cole_medium_B_0.jpg,4,True,True,87040972,"[1.4142135623730951, 1.4142135623730951, 2.23606797749979, 3.0]"
images/dark/jack_cole/medium/B/dark_jack_cole_medium_B_1.jpg,4,True,True,83685901,"[1.0, 1.4142135623730951, 2.0, 2.23606797749979]"
images/dark/jack_cole/medium/B/dark_jack_cole_medium_B_2.jpg,4,True,True,87317770,"[1.0, 2.0, 2.0, 2.23606797749979]"
images/dark/jack_cole/medium/B/dark_jack_cole_medium_B_3.jpg,4,True,True,77392258,"[0.0, 2.23606797749979, 2.23606797749979, 2.8284271247461903]"
images/dark/jack_cole/medium/B/dark_jack_cole_medium_B_4.jpg,4,True,True,85799065,"[1.0, 1.4142135623730951, 2.0, 2.0]"
images/dark/jack_cole/medium/C/dark_jack_cole_medium_C_0.jpg,4,True,True,90447793,"[0.0, 1.0, 1.0, 1.4142135623730951]"
images/dark/jack_cole/medium/C/dark_jack_cole_medium_C_1.jpg,6,True,False,95665698,"[1.0, 1.0, 1.4142135623730951, 1.4142135623730951, 276.4217791708895, 298.9866217742861]"
images/dark/jack_cole/medium/C/dark_jack_cole_medium_C_2.jpg,4,True,True,90994255,"[1.0, 1.0, 2.23606797749979, 3.1622776601683795]"
images/dark/jack_cole/medium/C/dark_jack_cole_medium_C_3.jpg,4,True,True,91456423,"[0.0, 2.0, 2.8284271247461903, 3.0]"
images/dark/jack_cole/medium/C/dark_jack_cole_medium_C_4.jpg,4,True,True,91556257,"[1.0, 2.0, 2.23606797749979, 3.0]"
images/dark/jack_cole/medium/D/dark_jack_cole_medium_D_0.jpg,4,True,True,96428768,"[1.0, 2.0, 2.0, 3.1622776601683795]"
images/dark/jack_cole/medium/D/dark_jack_cole_medium_D_1.jpg,4,True,True,89133626,"[0.0, 0.0, 1.0, 2.0]"
images/dark/jack_cole/medium/D/dark_jack_cole_medium_D_2.jpg,4,True,True,91598051,"[1.0, 1.4142135623730951, 2.0, 2.0]"
images/dark/jack_cole/medium/D/dark_jack_cole_medium_D_3.jpg,4,True,True,92994766,"[1.0, 1.0, 1.0, 1.4142135623730951]"
images/dark/jack_cole/medium/D/dark_jack_cole_medium_D_4.jpg,3,True,False,86564015,"[1.0, 1.0, 2.0]"
images/dark/jack_cole/short/A/dark_jack_cole_short_A_0.jpg,4,True,True,91842531,"[1.0, 1.0, 1.4142135623730951, 2.0]"
images/dark/jack_cole/short/A/dark_jack_cole_short_A_1.jpg,4,True,True,91147795,"[0.0, 1.0, 1.0, 2.23606797749979]"
images/dark/jack_cole/short/A/dark_jack_cole_short_A_2.jpg,4,True,True,85816103,"[1.0, 1.4142135623730951, 3.605551275463989, 3.605551275463989]"
images/dark/jack_cole/short/A/dark_jack_cole_short_A_3.jpg,4,True,True,84683933,"[1.0, 2.23606797749979, 2.23606797749979, 2.23606797749979]"
images/dark/jack_cole/short/A/dark_jack_cole_short_A_4.jpg,4,True,True,86265868,"[1.4142135623730951, 2.23606797749979, 2.23606797749979, 3.1622776601683795]"
images/dark/jack_cole/short/B/dark_jack_cole_short_B_0.jpg,4,True,True,88085251,"[1.4142135623730951, 2.0, 2.23606797749979, 3.1622776601683795]"
images/dark/jack_cole/short/B/dark_jack_cole_short_B_1.jpg,4,True,True,89441374,"[1.4142135623730951, 2.0, 2.23606797749979, 2.8284271247461903]"
images/dark/jack_cole/short/B/dark_jack_cole_short_B_2.jpg,4,True,True,86838552,"[1.0, 1.4142135623730951, 1.4142135623730951, 2.8284271247461903]"
images/dark/jack_cole/short/B/dark_jack_cole_short_B_3.jpg,4,True,True,87304958,"[1.0, 1.0, 1.0, 1.4142135623730951]"
images/dark/jack_cole/short/B/dark_jack_cole_short_B_4.jpg,4,True,True,83614814,"[1.0, 1.4142135623730951, 2.0, 2.23606797749979]"
images/dark/jack_cole/short/C/dark_jack_cole_short_C_0.jpg,4,True,True,84128480,"[1.4142135623730951, 2.0, 2.23606797749979, 2.23606797749979]"
images/dark/jack_cole/short/C/dark_jack_cole_short_C_1.jpg,3,True,False,89979805,"[1.0, 2.23606797749979, 2.8284271247461903]"
images/dark/jack_cole/short/C/dark_jack_cole_short_C_2.jpg,4,True,True,89754007,"[1.0, 1.4142135623730951, 1.4142135623730951, 2.0]"
images/dark/jack_cole/short/C/dark_jack_cole_short_C_3.jpg,4,True,True,83079647,"[1.0, 1.0, 1.0, 2.0]"
images/dark/jack_cole/short/C/dark_jack_cole_short_C_4.jpg,4,True,True,80352143,"[0.0, 1.0, 2.23606797749979, 4.123105625617661]"
images/dark/jack_cole/short/D/dark_jack_cole_short_D_0.jpg,4,True,True,87941863,"[1.0, 1.0, 2.8284271247461903, 3.1622776601683795]"
images/dark/jack_cole/short/D/dark_jack_cole_short_D_1.jpg,4,False,False,92037513,"[2.23606797749979, 2.23606797749979, 3.0, 121.01652779682617]"
images/dark/jack_cole/short/D/dark_jack_cole_short_D_2.jpg,4,True,True,89953474,"[1.4142135623730951, 2.23606797749979, 3.1622776601683795, 3.1622776601683795]"
images/dark/jack_cole/short/D/dark_jack_cole_short_D_3.jpg,3,False,False,87150165,"[1.0, 1.0, 347.9727000786125]"
images/dark/jack_cole/short/D/dark_jack_cole_short_D_4.jpg,4,True,True,87723973,"[2.23606797749979, 2.23606797749979, 2.23606797749979, 2.23606797749979]"
images/dark/john_honey/high/A/dark_john_honey_high_A_0.jpg,3,True,False,92626123,"[1.0, 1.4142135623730951, 2.23606797749979]"
images/dark/john_honey/high/A/dark_john_honey_high_A_1.jpg,2,True,False,94634439,"[1.4142135623730951, 1.4142135623730951]"
images/dark/john_honey/high/A/dark_john_honey_high_A_2.jpg,2,True,False,97139199,"[2.0, 2.8284271247461903]"
images/dark/john_honey/high/A/dark_john_honey_high_A_3.jpg,3,True,False,96372100,"[1.0, 2.23606797749979, 2.8284271247461903]"
images/dark/john_honey/high/A/dark_john_honey_high_A_4.jpg,3,True,False,93170359,"[0.0, 1.0, 2.0]"
images/dark/john_honey/high/B/dark_john_honey_high_B_0.jpg,4,True,True,94351031,"[0.0, 1.0, 1.4142135623730951, 4.0]"
images/dark/john_honey/high/B/dark_john_honey_high_B_1.jpg,4,True,True,97193643,"[0.0, 1.4142135623730951, 2.23606797749979, 2.8284271247461903]"
images/dark/john_honey/high/B/dark_john_honey_high_B_2.jpg,4,True,True,98647758,"[2.0, 2.23606797749979, 2.23606797749979, 2.8284271247461903]"
images/dark/john_honey/high/B/dark_john_honey_high_B_3.jpg,4,True,True,95548895,"[0.0, 2.0, 3.1622776601683795, 3.605551275463989]"
images/dark/john_honey/high/B/dark_john_honey_high_B_4.jpg,3,True,False,96901113,"[1.4142135623730951, 1.4142135623730951, 2.0]"
images/dark/john_honey/high/C/dark_john_honey_high_C_0.jpg,3,True,False,89225671,"[0.0, 1.0, 1.4142135623730951]"
images/dark/john_honey/high/C/dark_john_honey_high_C_1.jpg,3,True,False,97147085,"[1.0, 1.0, 1.4142135623730951]"
images/dark/john_honey/high/C/dark_john_honey_high_C_2.jpg,3,True,False,93509767,"[1.0, 1.4142135623730951, 2.8284271247461903]"
images/dark/john_honey/high/C/dark_john_honey_high_C_3.jpg,3,True,False,98426264,"[1.0, 2.23606797749979, 2.23606797749979]"
images/dark/john_honey/high/C/dark_john_honey_high_C_4.jpg,3,True,False,94498416,"[1.0, 1.4142135623730951, 1.4142135623730951]"
images/dark/john_honey/high/D/dark_john_honey_high_D_0.jpg,1,True,False,95065721,[1.0]
images/dark/john_honey/high/D/dark_john_honey_high_D_1.jpg,1,True,False,96830433,[2.0]
images/dark/john_honey/high/D/dark_john_honey_high_D_2.jpg,1,True,False,94332509,[2.23606797749979]
images/dark/john_honey/high/D/dark_john_honey_high_D_3.jpg,3,False,False,91018940,"[2.0, 2.23606797749979, 296.9393877544709]"
images/dark/john_honey/high/D/dark_john_honey_high_D_4.jpg,2,True,False,91259095,"[0.0, 2.23606797749979]"
images/dark/john_honey/medium/A/dark_john_honey_medium_A_0.jpg,5,True,False,97416217,"[1.0, 1.4142135623730951, 2.23606797749979, 2.8284271247461903, 397.7587208346286]"
images/dark/john_honey/medium/A/dark_john_honey_medium_A_1.jpg,3,True,False,98988769,"[1.4142135623730951, 2.0, 2.23606797749979]"
images/dark/john_honey/medium/A/dark_john_honey_medium_A_2.jpg,5,True,False,95886018,"[0.0, 1.0, 2.0, 2.23606797749979, 286.9738664059848]"
images/dark/john_honey/medium/A/dark_john_honey_medium_A_3.jpg,3,True,False,98204499,"[1.0, 1.0, 3.0]"
images/dark/john_honey/medium/A/dark_john_honey_medium_A_4.jpg,3,True,False,95956400,"[1.0, 1.0, 1.0]"
images/dark/john_honey/medium/B/dark_john_honey_medium_B_0.jpg,4,True,True,100681253,"[1.0, 1.4142135623730951, 2.0, 2.23606797749979]"
images/dark/john_honey/medium/B/dark_john_honey_medium_B_1.jpg,4,True,True,102353257,"[0.0, 1.0, 1.4142135623730951, 2.23606797749979]"
images/dark/john_honey/medium/B/dark_john_honey_medium_B_2.jpg,4,True,True,104824349,"[1.0, 1.0, 1.4142135623730951, 2.0]"
images/dark/john_honey/medium/B/dark_john_honey_medium_B_3.jpg,4,True,True,106088431,"[1.0, 1.0, 2.0, 2.23606797749979]"
images/dark/john_honey/medium/B/dark_john_honey_medium_B_4.jpg,4,True,True,97135431,"[0.0, 0.0, 1.0, 2.23606797749979]"
images/dark/john_honey/medium/C/dark_john_honey_medium_C_0.jpg,3,True,False,94453048,"[1.0, 1.0, 1.0]"
images/dark/john_honey/medium/C/dark_john_honey_medium_C_1.jpg,4,False,False,105247433,"[1.4142135623730951, 1.4142135623730951, 2.23606797749979, 206.30317496345035]"
images/dark/john_honey/medium/C/dark_john_honey_medium_C_2.jpg,4,True,True,95992919,"[1.0, 1.0, 1.4142135623730951, 2.0]"
images/dark/john_honey/medium/C/dark_john_honey_medium_C_3.jpg,4,True,True,98241990,"[0.0, 1.0, 1.0, 1.4142135623730951]"
images/dark/john_honey/medium/C/dark_john_honey_medium_C_4.jpg,4,True,True,102453234,"[1.0, 2.23606797749979, 2.23606797749979, 2.23606797749979]"
images/dark/john_honey/medium/D/dark_john_honey_medium_D_0.jpg,3,True,False,100027445,"[1.0, 2.0, 2.23606797749979]"
images/dark/john_honey/medium/D/dark_john_honey_medium_D_1.jpg,3,True,False,100575393,"[0.0, 1.4142135623730951, 4.123105625617661]"
images/dark/john_honey/medium/D/dark_john_honey_medium_D_2.jpg,2,True,False,96793771,"[1.4142135623730951, 2.23606797749979]"
images/dark/john_honey/medium/D/dark_john_honey_medium_D_3.jpg,2,True,False,97394221,"[1.4142135623730951, 2.23606797749979]"
images/dark/john_honey/medium/D/dark_john_honey_medium_D_4.jpg,4,True,True,94617614,"[1.0, 2.0, 2.0, 2.23606797749979]"
images/dark/john_honey/short/A/dark_john_honey_short_A_0.jpg,3,True,False,92760837,"[1.4142135623730951, 2.0, 3.1622776601683795]"
images/dark/john_honey/short/A/dark_john_honey_short_A_1.jpg,4,False,False,95446926,"[0.0, 1.0, 3.605551275463989, 411.4766092987547]"
images/dark/john_honey/short/A/dark_john_honey_short_A_2.jpg,3,True,False,97479853,"[0.0, 1.4142135623730951, 1.4142135623730951]"
images/dark/john_honey/short/A/dark_john_honey_short_A_3.jpg,2,True,False,88951605,"[2.0, 3.0]"
images/dark/john_honey/short/A/dark_john_honey_short_A_4.jpg,5,True,False,90803528,"[1.0, 1.4142135623730951, 1.4142135623730951, 2.23606797749979, 513.3078998028376]"
images/dark/john_honey/short/B/dark_john_honey_short_B_0.jpg,6,True,False,93069171,"[0.0, 1.0, 1.4142135623730951, 2.23606797749979, 465.4556906946138, 499.1242330322181]"
images/dark/john_honey/short/B/dark_john_honey_short_B_1.jpg,4,True,True,93726182,"[1.4142135623730951, 1.4142135623730951, 2.23606797749979, 2.23606797749979]"
images/dark/john_honey/short/B/dark_john_honey_short_B_2.jpg,6,False,False,91054489,"[1.0, 2.23606797749979, 2.23606797749979, 12.206555615733702, 302.82833420933383, 378.05422891431857]"
images/dark/john_honey/short/B/dark_john_honey_short_B_3.jpg,4,False,False,97377144,"[1.0, 1.4142135623730951, 2.23606797749979, 17.69180601295413]"
images/dark/john_honey/short/B/dark_john_honey_short_B_4.jpg,4,True,True,90829407,"[1.0, 1.0, 1.0, 1.4142135623730951]"
images/dark/john_honey/short/C/dark_john_honey_short_C_0.jpg,4,True,True,92505116,"[1.0, 1.4142135623730951, 1.4142135623730951, 2.23606797749979]"
images/dark/john_honey/short/C/dark_john_honey_short_C_1.jpg,5,True,False,93339575,"[0.0, 0.0, 1.0, 1.0, 461.5127300519456]"
images/dark/john_honey/short/C/dark_john_honey_short_C_2.jpg,5,True,False,94510310,"[0.0, 1.4142135623730951, 1.4142135623730951, 2.23606797749979, 459.9413006025878]"
images/dark/john_honey/short/C/dark_john_honey_short_C_3.jpg,4,True,True,104528317,"[1.4142135623730951, 1.4142135623730951, 2.23606797749979, 2.23606797749979]"
images/dark/john_honey/short/C/dark_john_honey_short_C_4.jpg,5,True,False,107086250,"[1.0, 2.0, 2.8284271247461903, 4.0, 412.95036021294374]"
images/dark/john_honey/short/D/dark_john_honey_short_D_0.jpg,4,True,True,103295304,"[0.0, 1.0, 2.0, 2.8284271247461903]"
images/dark/john_honey/short/D/dark_john_honey_short_D_1.jpg,2,False,False,98365650,"[1.0, 6.708203932499369]"
images/dark/john_honey/short/D/dark_john_honey_short_D_2.jpg,4,True,True,98203738,"[0.0, 2.0, 2.23606797749979, 3.1622776601683795]"
images/dark/john_honey/short/D/dark_john_honey_short_D_3.jpg,4,True,True,102822707,"[1.0, 2.0, 2.0, 2.8284271247461903]"
images/dark/john_honey/short/D/dark_john_honey_short_D_4.jpg,4,True,True,101688283,"[1.0, 1.4142135623730951, 2.8284271247461903, 4.47213595499958]"
images/dark/michaels/high/A/dark_michaels_high_A_0.jpg,4,True,True,95823508,"[1.0, 1.0, 1.4142135623730951, 3.1622776601683795]"
images/dark/michaels/high/A/dark_michaels_high_A_1.jpg,5,True,False,93078471,"[0.0, 2.0, 2.23606797749979, 2.23606797749979, 903.4937741899498]"
images/dark/michaels/high/A/dark_michaels_high_A_2.jpg,4,True,True,88000319,"[0.0, 1.0, 1.4142135623730951, 2.0]"
images/dark/michaels/high/A/dark_michaels_high_A_3.jpg,4,True,True,91216213,"[1.0, 1.4142135623730951, 2.0, 2.0]"
images/dark/michaels/high/A/dark_michaels_high_A_4.jpg,4,True,True,94615618,"[1.0, 1.4142135623730951, 1.4142135623730951, 1.4142135623730951]"
images/dark/michaels/high/B/dark_michaels_high_B_0.jpg,5,True,False,88193379,"[1.0, 1.0, 1.4142135623730951, 3.1622776601683795, 407.265269818088]"
images/dark/michaels/high/B/dark_michaels_high_B_1.jpg,4,True,True,86876883,"[0.0, 1.0, 1.0, 2.23606797749979]"
images/dark/michaels/high/B/dark_michaels_high_B_2.jpg,4,True,True,88499795,"[1.0, 2.0, 2.0, 2.23606797749979]"
images/dark/michaels/high/B/dark_michaels_high_B_3.jpg,5,True,False,89964364,"[1.0, 1.0, 2.23606797749979, 3.1622776601683795, 532.9784235782909]"
images/dark/michaels/high/B/dark_michaels_high_B_4.jpg,4,True,True,84991590,"[0.0, 1.4142135623730951, 2.0, 2.23606797749979]"
images/dark/michaels/high/C/dark_michaels_high_C_0.jpg,5,True,False,89763088,"[0.0, 1.0, 1.0, 3.0, 394.0279177926356]"
images/dark/michaels/high/C/dark_michaels_high_C_1.jpg,4,True,True,85713615,"[1.0, 1.4142135623730951, 2.23606797749979, 2.23606797749979]"
images/dark/michaels/high/C/dark_michaels_high_C_2.jpg,5,True,False,94321555,"[1.0, 1.4142135623730951, 2.0, 2.23606797749979, 692.6651427638033]"
images/dark/michaels/high/C/dark_michaels_high_C_3.jpg,4,True,True,94551275,"[1.0, 1.0, 1.4142135623730951, 2.0]"
images/dark/michaels/high/C/dark_michaels_high_C_4.jpg,4,True,True,88221707,"[0.0, 1.4142135623730951, 2.0, 2.0]"
images/dark/michaels/high/D/dark_michaels_high_D_0.jpg,3,True,False,88001635,"[1.4142135623730951, 2.0, 3.1622776601683795]"
images/dark/michaels/high/D/dark_michaels_high_D_1.jpg,3,True,False,90579969,"[1.0, 1.4142135623730951, 2.0]"
images/dark/michaels/high/D/dark_michaels_high_D_2.jpg,1,True,False,92698915,[3.0]
images/dark/michaels/high/D/dark_michaels_high_D_3.jpg,2,True,False,96039479,"[2.0, 2.8284271247461903]"
images/dark/michaels/high/D/dark_michaels_high_D_4.jpg,2,True,False,87740958,"[1.4142135623730951, 1.4142135623730951]"
images/dark/michaels/medium/A/dark_michaels_medium_A_0.jpg,4,True,True,89021619,"[0.0, 1.0, 1.4142135623730951, 1.4142135623730951]"
images/dark/michaels/medium/A/dark_michaels_medium_A_1.jpg,1,True,False,95385390,[1.4142135623730951]
images/dark/michaels/medium/A/dark_michaels_medium_A_2.jpg,4,True,True,93635289,"[1.0, 2.0, 3.0, 3.1622776601683795]"
images/dark/michaels/medium/A/dark_michaels_medium_A_3.jpg,4,True,True,96022166,"[0.0, 2.23606797749979, 2.23606797749979, 2.23606797749979]"
images/dark/michaels/medium/A/dark_michaels_medium_A_4.jpg,4,True,True,85887640,"[1.4142135623730951, 2.23606797749979, 2.23606797749979, 3.1622776601683795]"
images/dark/michaels/medium/B/dark_michaels_medium_B_0.jpg,3,True,False,98109823,"[1.4142135623730951, 2.0, 2.23606797749979]"
images/dark/michaels/medium/B/dark_michaels_medium_B_1.jpg,3,True,False,95950840,"[0.0, 1.0, 2.0]"
images/dark/michaels/medium/B/dark_michaels_medium_B_2.jpg,4,False,False,88977464,"[1.4142135623730951, 2.8284271247461903, 2.8284271247461903, 5.0]"
images/dark/michaels/medium/B/dark_michaels_medium_B_3.jpg,4,True,True,90663807,"[1.0, 2.23606797749979, 3.1622776601683795, 3.1622776601683795]"
images/dark/michaels/medium/B/dark_michaels_medium_B_4.jpg,4,True,True,86743213,"[1.4142135623730951, 1.4142135623730951, 2.0, 2.23606797749979]"
images/dark/michaels/medium/C/dark_michaels_medium_C_0.jpg,4,True,True,95745365,"[1.0, 1.0, 1.0, 2.0]"
images/dark/michaels/medium/C/dark_michaels_medium_C_1.jpg,4,True,True,97229398,"[0.0, 1.0, 2.0, 2.0]"
images/dark/michaels/medium/C/dark_michaels_medium_C_2.jpg,4,True,True,93691830,"[0.0, 1.0, 1.4142135623730951, 2.23606797749979]"
images/dark/michaels/medium/C/dark_michaels_medium_C_3.jpg,3,True,False,97407962,"[1.0, 1.4142135623730951, 1.4142135623730951]"
images/dark/michaels/medium/C/dark_michaels_medium_C_4.jpg,3,True,False,83854178,"[1.0, 1.4142135623730951, 2.0]"
images/dark/michaels/medium/D/dark_michaels_medium_D_0.jpg,1,True,False,95673378,[2.0]
images/dark/michaels/medium/D/dark_michaels_medium_D_1.jpg,3,False,False,87518747,"[1.0, 1.4142135623730951, 6.4031242374328485]"
images/dark/michaels/medium/D/dark_michaels_medium_D_2.jpg,4,False,False,91276296,"[1.4142135623730951, 2.0, 2.23606797749979, 423.38752933925673]"
images/dark/michaels/medium/D/dark_michaels_medium_D_3.jpg,5,True,False,98820812,"[1.0, 1.0, 1.4142135623730951, 4.242640687119285, 505.5937104039171]"
images/dark/michaels/medium/D/dark_michaels_medium_D_4.jpg,4,True,True,89689078,"[0.0, 1.0, 2.0, 2.23606797749979]"
images/dark/michaels/short/A/dark_michaels_short_A_0.jpg,5,True,False,91159608,"[0.0, 1.0, 1.0, 2.8284271247461903, 279.00716836669267]"
images/dark/michaels/short/A/dark_michaels_short_A_1.jpg,4,True,True,91174276,"[1.0, 1.4142135623730951, 1.4142135623730951, 2.0]"
images/dark/michaels/short/A/dark_michaels_short_A_2.jpg,4,True,True,88039643,"[1.0, 1.0, 2.0, 2.0]"
images/dark/michaels/short/A/dark_michaels_short_A_3.jpg,5,True,False,87007018,"[1.0, 1.4142135623730951, 3.1622776601683795, 3.1622776601683795, 560.4462507680821]"
images/dark/michaels/short/A/dark_michaels_short_A_4.jpg,4,True,True,89145472,"[1.4142135623730951, 1.4142135623730951, 2.8284271247461903, 2.8284271247461903]"
images/dark/michaels/short/B/dark_michaels_short_B_0.jpg,4,True,True,89644234,"[1.0, 2.23606797749979, 3.1622776601683795, 3.605551275463989]"
images/dark/michaels/short/B/dark_michaels_short_B_1.jpg,4,True,True,95841275,"[1.4142135623730951, 2.0, 2.23606797749979, 3.1622776601683795]"
images/dark/michaels/short/B/dark_michaels_short_B_2.jpg,4,True,True,89319476,"[1.4142135623730951, 1.4142135623730951, 1.4142135623730951, 1.4142135623730951]"
images/dark/michaels/short/B/dark_michaels_short_B_3.jpg,4,True,True,87500111,"[0.0, 1.0, 1.4142135623730951, 3.0]"
images/dark/michaels/short/B/dark_michaels_short_B_4.jpg,4,True,True,92057002,"[0.0, 1.4142135623730951, 2.0, 2.23606797749979]"
images/dark/michaels/short/C/dark_michaels_short_C_0.jpg,4,True,True,92024961,"[1.4142135623730951, 2.0, 3.0, 3.0]"
images/dark/michaels/short/C/dark_michaels_short_C_1.jpg,4,True,True,93743743,"[1.0, 2.23606797749979, 2.8284271247461903, 3.0]"
images/dark/michaels/short/C/dark_michaels_short_C_2.jpg,4,True,True,85402811,"[0.0, 1.0, 2.0, 2.23606797749979]"
images/dark/michaels/short/C/dark_michaels_short_C_3.jpg,4,True,True,94763533,"[1.0, 1.0, 1.4142135623730951, 2.23606797749979]"
images/dark/michaels/short/C/dark_michaels_short_C_4.jpg,4,True,True,86854734,"[0.0, 1.0, 1.0, 1.0]"
images/dark/michaels/short/D/dark_michaels_short_D_0.jpg,4,True,True,87552962,"[1.0, 1.0, 1.4142135623730951, 1.4142135623730951]"
images/dark/michaels/short/D/dark_michaels_short_D_1.jpg,4,False,False,86721483,"[1.4142135623730951, 3.1622776601683795, 3.1622776601683795, 13.45362404707371]"
images/dark/michaels/short/D/dark_michaels_short_D_2.jpg,2,True,False,92786769,"[1.4142135623730951, 2.0]"
images/dark/michaels/short/D/dark_michaels_short_D_3.jpg,4,True,True,92060165,"[2.0, 2.0, 2.23606797749979, 3.1622776601683795]"
images/dark/michaels/short/D/dark_michaels_short_D_4.jpg,3,True,False,91844521,"[1.4142135623730951, 2.23606797749979, 2.23606797749979]"
