,0,1,2,3,4
images/custom/davids/high/A/custom_davids_high_A_0.jpg,5,True,False,94604194,"[0.0, 1.0, 1.0, 1.0, 885.641010793877]"
images/custom/davids/high/A/custom_davids_high_A_1.jpg,5,True,False,98197014,"[1.0, 1.0, 1.0, 2.23606797749979, 906.5208216031224]"
images/custom/davids/high/A/custom_davids_high_A_2.jpg,5,True,False,94725091,"[0.0, 1.0, 1.4142135623730951, 1.4142135623730951, 762.1679604916491]"
images/custom/davids/high/A/custom_davids_high_A_3.jpg,4,True,True,100340151,"[1.0, 1.0, 2.0, 2.23606797749979]"
images/custom/davids/high/A/custom_davids_high_A_4.jpg,4,True,True,90665969,"[1.0, 1.4142135623730951, 2.0, 2.0]"
images/custom/davids/high/B/custom_davids_high_B_0.jpg,4,True,True,94991699,"[1.0, 1.0, 2.23606797749979, 2.23606797749979]"
images/custom/davids/high/B/custom_davids_high_B_1.jpg,3,True,False,90055120,"[0.0, 1.0, 1.4142135623730951]"
images/custom/davids/high/B/custom_davids_high_B_2.jpg,4,True,True,94404773,"[1.0, 1.0, 1.4142135623730951, 2.0]"
images/custom/davids/high/B/custom_davids_high_B_3.jpg,4,True,True,94798728,"[1.0, 1.0, 1.4142135623730951, 1.4142135623730951]"
images/custom/davids/high/B/custom_davids_high_B_4.jpg,5,True,False,89834039,"[1.0, 1.0, 2.23606797749979, 3.0, 114.76933388322858]"
images/custom/davids/high/C/custom_davids_high_C_0.jpg,2,True,False,95569206,"[1.4142135623730951, 2.8284271247461903]"
images/custom/davids/high/C/custom_davids_high_C_1.jpg,3,True,False,94640891,"[0.0, 1.0, 1.0]"
images/custom/davids/high/C/custom_davids_high_C_2.jpg,3,True,False,97143738,"[0.0, 0.0, 1.0]"
images/custom/davids/high/C/custom_davids_high_C_3.jpg,2,True,False,85177399,"[1.0, 1.0]"
images/custom/davids/high/C/custom_davids_high_C_4.jpg,2,True,False,85769891,"[1.4142135623730951, 2.0]"
images/custom/davids/high/D/custom_davids_high_D_0.jpg,4,True,True,92469042,"[1.4142135623730951, 1.4142135623730951, 1.4142135623730951, 2.23606797749979]"
images/custom/davids/high/D/custom_davids_high_D_1.jpg,5,True,False,97711332,"[0.0, 1.0, 1.0, 1.4142135623730951, 191.58809983921236]"
images/custom/davids/high/D/custom_davids_high_D_2.jpg,4,True,True,106423822,"[1.0, 1.4142135623730951, 2.23606797749979, 2.23606797749979]"
images/custom/davids/high/D/custom_davids_high_D_3.jpg,5,True,False,93750822,"[0.0, 1.0, 1.0, 1.4142135623730951, 252.00992043965255]"
images/custom/davids/high/D/custom_davids_high_D_4.jpg,4,True,True,85621172,"[1.0, 1.0, 2.0, 2.23606797749979]"
images/custom/davids/medium/A/custom_davids_medium_A_0.jpg,4,True,True,92402669,"[1.0, 1.0, 1.0, 1.0]"
images/custom/davids/medium/A/custom_davids_medium_A_1.jpg,4,True,True,87919313,"[1.0, 2.0, 2.0, 2.23606797749979]"
images/custom/davids/medium/A/custom_davids_medium_A_2.jpg,4,False,False,90933723,"[1.4142135623730951, 1.4142135623730951, 2.23606797749979, 10.44030650891055]"
images/custom/davids/medium/A/custom_davids_medium_A_3.jpg,3,True,False,89659303,"[1.0, 1.4142135623730951, 2.0]"
images/custom/davids/medium/A/custom_davids_medium_A_4.jpg,3,True,False,90332675,"[0.0, 1.4142135623730951, 2.0]"
images/custom/davids/medium/B/custom_davids_medium_B_0.jpg,4,True,True,86631865,"[0.0, 0.0, 2.23606797749979, 2.23606797749979]"
images/custom/davids/medium/B/custom_davids_medium_B_1.jpg,5,True,False,106747590,"[0.0, 0.0, 1.4142135623730951, 2.23606797749979, 280.12854192316786]"
images/custom/davids/medium/B/custom_davids_medium_B_2.jpg,4,True,True,94735672,"[0.0, 0.0, 1.0, 1.0]"
images/custom/davids/medium/B/custom_davids_medium_B_3.jpg,5,True,False,101120348,"[0.0, 0.0, 1.0, 1.0, 458.6469230246727]"
images/custom/davids/medium/B/custom_davids_medium_B_4.jpg,4,True,True,90235313,"[0.0, 1.0, 1.0, 1.0]"
images/custom/davids/medium/C/custom_davids_medium_C_0.jpg,3,True,False,93444352,"[1.0, 1.0, 1.4142135623730951]"
images/custom/davids/medium/C/custom_davids_medium_C_1.jpg,2,True,False,86284292,"[1.0, 2.23606797749979]"
images/custom/davids/medium/C/custom_davids_medium_C_2.jpg,2,True,False,91918870,"[0.0, 1.0]"
images/custom/davids/medium/C/custom_davids_medium_C_3.jpg,1,True,False,94854864,[1.4142135623730951]
images/custom/davids/medium/C/custom_davids_medium_C_4.jpg,3,True,False,90953512,"[1.4142135623730951, 1.4142135623730951, 3.1622776601683795]"
images/custom/davids/medium/D/custom_davids_medium_D_0.jpg,4,False,False,103103915,"[1.4142135623730951, 1.4142135623730951, 2.23606797749979, 10.295630140987]"
images/custom/davids/medium/D/custom_davids_medium_D_1.jpg,4,True,True,94338057,"[1.0, 2.23606797749979, 2.23606797749979, 2.23606797749979]"
images/custom/davids/medium/D/custom_davids_medium_D_2.jpg,4,True,True,99756688,"[0.0, 1.0, 1.4142135623730951, 3.0]"
images/custom/davids/medium/D/custom_davids_medium_D_3.jpg,4,True,True,99349748,"[1.0, 1.0, 1.0, 2.23606797749979]"
images/custom/davids/medium/D/custom_davids_medium_D_4.jpg,5,True,False,94268169,"[0.0, 1.0, 1.0, 1.0, 149.4824404403407]"
images/custom/davids/short/A/custom_davids_short_A_0.jpg,4,True,True,87120520,"[1.0, 1.0, 2.23606797749979, 2.23606797749979]"
images/custom/davids/short/A/custom_davids_short_A_1.jpg,4,True,True,90472158,"[1.0, 1.0, 1.4142135623730951, 2.23606797749979]"
images/custom/davids/short/A/custom_davids_short_A_2.jpg,4,True,True,87707803,"[1.0, 1.0, 1.0, 3.1622776601683795]"
images/custom/davids/short/A/custom_davids_short_A_3.jpg,2,True,False,94931298,"[0.0, 1.0]"
images/custom/davids/short/A/custom_davids_short_A_4.jpg,4,True,True,89864385,"[0.0, 1.4142135623730951, 2.8284271247461903, 2.8284271247461903]"
images/custom/davids/short/B/custom_davids_short_B_0.jpg,6,True,False,98251401,"[0.0, 1.0, 1.4142135623730951, 4.123105625617661, 334.43235489408016, 356.74220383913087]"
images/custom/davids/short/B/custom_davids_short_B_1.jpg,3,True,False,95282299,"[0.0, 1.0, 1.0]"
images/custom/davids/short/B/custom_davids_short_B_2.jpg,3,True,False,94295578,"[1.0, 1.0, 2.23606797749979]"
images/custom/davids/short/B/custom_davids_short_B_3.jpg,3,True,False,94115710,"[1.0, 1.4142135623730951, 2.0]"
images/custom/davids/short/B/custom_davids_short_B_4.jpg,3,True,False,92428469,"[1.0, 1.0, 2.23606797749979]"
images/custom/davids/short/C/custom_davids_short_C_0.jpg,2,False,False,93759646,"[1.0, 247.95160818191923]"
images/custom/davids/short/C/custom_davids_short_C_1.jpg,4,False,False,95359081,"[1.0, 1.0, 2.0, 166.67633305301626]"
images/custom/davids/short/C/custom_davids_short_C_2.jpg,4,False,False,96348574,"[1.0, 2.0, 315.3696244092002, 329.20054677961883]"
images/custom/davids/short/C/custom_davids_short_C_3.jpg,2,True,False,93375297,"[1.0, 1.4142135623730951]"
images/custom/davids/short/C/custom_davids_short_C_4.jpg,2,True,False,87870742,"[0.0, 1.0]"
images/custom/davids/short/D/custom_davids_short_D_0.jpg,3,True,False,87404355,"[0.0, 1.0, 1.4142135623730951]"
images/custom/davids/short/D/custom_davids_short_D_1.jpg,3,True,False,97327151,"[0.0, 1.0, 2.23606797749979]"
images/custom/davids/short/D/custom_davids_short_D_2.jpg,5,False,False,94914346,"[0.0, 0.0, 1.0, 11.704699910719626, 238.447059113758]"
images/custom/davids/short/D/custom_davids_short_D_3.jpg,3,True,False,93437211,"[0.0, 1.0, 2.0]"
images/custom/davids/short/D/custom_davids_short_D_4.jpg,3,True,False,91235547,"[1.0, 1.0, 1.0]"
images/custom/jack_cole/high/A/custom_jack_cole_high_A_0.jpg,4,True,True,88475172,"[0.0, 1.0, 1.4142135623730951, 2.23606797749979]"
images/custom/jack_cole/high/A/custom_jack_cole_high_A_1.jpg,4,True,True,93015424,"[0.0, 1.0, 1.0, 2.23606797749979]"
images/custom/jack_cole/high/A/custom_jack_cole_high_A_2.jpg,4,True,True,91898363,"[1.4142135623730951, 1.4142135623730951, 1.4142135623730951, 2.0]"
images/custom/jack_cole/high/A/custom_jack_cole_high_A_3.jpg,4,True,True,80771656,"[1.0, 1.0, 1.0, 1.4142135623730951]"
images/custom/jack_cole/high/A/custom_jack_cole_high_A_4.jpg,4,True,True,72398733,"[0.0, 1.0, 2.0, 2.23606797749979]"
images/custom/jack_cole/high/B/custom_jack_cole_high_B_0.jpg,4,True,True,77984458,"[1.0, 1.0, 1.0, 1.4142135623730951]"
images/custom/jack_cole/high/B/custom_jack_cole_high_B_1.jpg,4,True,True,86547776,"[1.0, 1.4142135623730951, 1.4142135623730951, 1.4142135623730951]"
images/custom/jack_cole/high/B/custom_jack_cole_high_B_2.jpg,6,True,False,89416649,"[1.0, 1.4142135623730951, 2.23606797749979, 2.23606797749979, 255.8300216940928, 560.9750440081983]"
images/custom/jack_cole/high/B/custom_jack_cole_high_B_3.jpg,6,True,False,86784209,"[0.0, 1.0, 1.4142135623730951, 1.4142135623730951, 250.9760944791356, 473.57048049894325]"
images/custom/jack_cole/high/B/custom_jack_cole_high_B_4.jpg,4,True,True,84031148,"[1.0, 1.0, 1.0, 1.0]"
images/custom/jack_cole/high/C/custom_jack_cole_high_C_0.jpg,3,True,False,86264135,"[1.4142135623730951, 2.23606797749979, 3.0]"
images/custom/jack_cole/high/C/custom_jack_cole_high_C_1.jpg,2,True,False,84909111,"[1.0, 1.0]"
images/custom/jack_cole/high/C/custom_jack_cole_high_C_2.jpg,2,True,False,83281124,"[0.0, 1.0]"
images/custom/jack_cole/high/C/custom_jack_cole_high_C_3.jpg,2,True,False,81736634,"[1.0, 2.23606797749979]"
images/custom/jack_cole/high/C/custom_jack_cole_high_C_4.jpg,4,False,False,77002626,"[1.0, 1.4142135623730951, 1.4142135623730951, 172.07265907168403]"
images/custom/jack_cole/high/D/custom_jack_cole_high_D_0.jpg,4,True,True,81751702,"[1.4142135623730951, 2.0, 2.23606797749979, 2.23606797749979]"
images/custom/jack_cole/high/D/custom_jack_cole_high_D_1.jpg,4,True,True,81554105,"[1.0, 1.0, 2.0, 2.23606797749979]"
images/custom/jack_cole/high/D/custom_jack_cole_high_D_2.jpg,4,True,True,87903571,"[1.0, 1.4142135623730951, 1.4142135623730951, 2.23606797749979]"
images/custom/jack_cole/high/D/custom_jack_cole_high_D_3.jpg,5,True,False,85706266,"[1.4142135623730951, 1.4142135623730951, 2.0, 2.23606797749979, 203.42320418280704]"
images/custom/jack_cole/high/D/custom_jack_cole_high_D_4.jpg,4,True,True,93397792,"[1.0, 1.0, 1.0, 2.0]"
images/custom/jack_cole/medium/A/custom_jack_cole_medium_A_0.jpg,4,True,True,91261133,"[1.0, 1.0, 1.4142135623730951, 2.0]"
images/custom/jack_cole/medium/A/custom_jack_cole_medium_A_1.jpg,4,True,True,96210575,"[1.0, 2.23606797749979, 2.23606797749979, 3.0]"
images/custom/jack_cole/medium/A/custom_jack_cole_medium_A_2.jpg,4,True,True,90444043,"[1.0, 1.0, 1.0, 1.4142135623730951]"
images/custom/jack_cole/medium/A/custom_jack_cole_medium_A_3.jpg,4,True,True,80352148,"[0.0, 1.0, 1.4142135623730951, 2.23606797749979]"
images/custom/jack_cole/medium/A/custom_jack_cole_medium_A_4.jpg,4,True,True,88748240,"[1.0, 1.4142135623730951, 2.0, 2.23606797749979]"
images/custom/jack_cole/medium/B/custom_jack_cole_medium_B_0.jpg,5,True,False,84806282,"[1.0, 1.4142135623730951, 1.4142135623730951, 1.4142135623730951, 309.2393894703584]"
images/custom/jack_cole/medium/B/custom_jack_cole_medium_B_1.jpg,4,True,True,95748230,"[0.0, 1.0, 2.23606797749979, 2.23606797749979]"
images/custom/jack_cole/medium/B/custom_jack_cole_medium_B_2.jpg,4,True,True,97727192,"[1.0, 2.0, 2.0, 2.23606797749979]"
images/custom/jack_cole/medium/B/custom_jack_cole_medium_B_3.jpg,4,True,True,96832987,"[2.23606797749979, 2.23606797749979, 2.23606797749979, 3.0]"
images/custom/jack_cole/medium/B/custom_jack_cole_medium_B_4.jpg,4,True,True,88345948,"[1.0, 1.0, 2.23606797749979, 3.1622776601683795]"
images/custom/jack_cole/medium/C/custom_jack_cole_medium_C_0.jpg,3,True,False,96466022,"[1.0, 1.4142135623730951, 2.8284271247461903]"
images/custom/jack_cole/medium/C/custom_jack_cole_medium_C_1.jpg,2,True,False,98849450,"[0.0, 3.0]"
images/custom/jack_cole/medium/C/custom_jack_cole_medium_C_2.jpg,3,False,False,94948024,"[1.0, 2.0, 335.7930910545957]"
images/custom/jack_cole/medium/C/custom_jack_cole_medium_C_3.jpg,2,True,False,85649944,"[2.23606797749979, 2.23606797749979]"
images/custom/jack_cole/medium/C/custom_jack_cole_medium_C_4.jpg,2,True,False,77279556,"[2.23606797749979, 2.8284271247461903]"
images/custom/jack_cole/medium/D/custom_jack_cole_medium_D_0.jpg,4,True,True,86148439,"[2.0, 2.0, 2.0, 2.23606797749979]"
images/custom/jack_cole/medium/D/custom_jack_cole_medium_D_1.jpg,4,True,True,82500147,"[0.0, 1.0, 1.4142135623730951, 2.0]"
images/custom/jack_cole/medium/D/custom_jack_cole_medium_D_2.jpg,4,True,True,90551937,"[1.0, 1.0, 1.0, 2.0]"
images/custom/jack_cole/medium/D/custom_jack_cole_medium_D_3.jpg,4,True,True,82795981,"[1.0, 1.4142135623730951, 1.4142135623730951, 2.23606797749979]"
images/custom/jack_cole/medium/D/custom_jack_cole_medium_D_4.jpg,5,True,False,81860768,"[1.0, 1.4142135623730951, 1.4142135623730951, 2.23606797749979, 433.7614551801485]"
images/custom/jack_cole/short/A/custom_jack_cole_short_A_0.jpg,5,True,False,100725816,"[1.0, 2.23606797749979, 3.1622776601683795, 3.605551275463989, 427.15453877958504]"
images/custom/jack_cole/short/A/custom_jack_cole_short_A_1.jpg,4,True,True,107787661,"[2.0, 2.23606797749979, 3.0, 3.0]"
images/custom/jack_cole/short/A/custom_jack_cole_short_A_2.jpg,4,True,True,101941130,"[1.0, 1.0, 1.0, 1.4142135623730951]"
images/custom/jack_cole/short/A/custom_jack_cole_short_A_3.jpg,4,True,True,102262028,"[1.4142135623730951, 1.4142135623730951, 2.8284271247461903, 3.1622776601683795]"
images/custom/jack_cole/short/A/custom_jack_cole_short_A_4.jpg,4,True,True,102157728,"[1.4142135623730951, 2.23606797749979, 2.23606797749979, 3.605551275463989]"
images/custom/jack_cole/short/B/custom_jack_cole_short_B_0.jpg,4,True,True,99154582,"[0.0, 1.0, 2.0, 2.23606797749979]"
images/custom/jack_cole/short/B/custom_jack_cole_short_B_1.jpg,4,True,True,102396480,"[0.0, 1.0, 1.0, 2.0]"
images/custom/jack_cole/short/B/custom_jack_cole_short_B_2.jpg,4,True,True,97808546,"[1.0, 1.0, 1.4142135623730951, 2.0]"
images/custom/jack_cole/short/B/custom_jack_cole_short_B_3.jpg,4,True,True,98923515,"[0.0, 1.0, 1.4142135623730951, 2.0]"
images/custom/jack_cole/short/B/custom_jack_cole_short_B_4.jpg,4,True,True,94747638,"[0.0, 1.0, 1.4142135623730951, 2.23606797749979]"
images/custom/jack_cole/short/C/custom_jack_cole_short_C_0.jpg,3,False,False,95765254,"[1.0, 1.0, 9.055385138137417]"
images/custom/jack_cole/short/C/custom_jack_cole_short_C_1.jpg,3,True,False,99597170,"[1.4142135623730951, 3.0, 3.1622776601683795]"
images/custom/jack_cole/short/C/custom_jack_cole_short_C_2.jpg,4,False,False,97001782,"[1.0, 2.0, 5.830951894845301, 909.393204285143]"
images/custom/jack_cole/short/C/custom_jack_cole_short_C_3.jpg,4,False,False,91237685,"[2.23606797749979, 3.1622776601683795, 3.1622776601683795, 438.32065887886233]"
images/custom/jack_cole/short/C/custom_jack_cole_short_C_4.jpg,3,True,False,89654732,"[1.0, 2.8284271247461903, 3.0]"
images/custom/jack_cole/short/D/custom_jack_cole_short_D_0.jpg,5,True,False,102576998,"[0.0, 1.4142135623730951, 2.0, 2.23606797749979, 493.54331116934407]"
images/custom/jack_cole/short/D/custom_jack_cole_short_D_1.jpg,4,True,True,98846594,"[0.0, 1.4142135623730951, 2.0, 2.23606797749979]"
images/custom/jack_cole/short/D/custom_jack_cole_short_D_2.jpg,4,True,True,94848524,"[1.0, 1.0, 1.4142135623730951, 1.4142135623730951]"
images/custom/jack_cole/short/D/custom_jack_cole_short_D_3.jpg,5,True,False,100710882,"[0.0, 2.23606797749979, 2.23606797749979, 3.1622776601683795, 441.4034435751493]"
images/custom/jack_cole/short/D/custom_jack_cole_short_D_4.jpg,4,True,True,94257161,"[2.0, 2.23606797749979, 2.8284271247461903, 2.8284271247461903]"
images/custom/john_honey/high/A/custom_john_honey_high_A_0.jpg,4,True,True,94559792,"[0.0, 1.0, 3.0, 3.1622776601683795]"
images/custom/john_honey/high/A/custom_john_honey_high_A_1.jpg,4,False,False,98508196,"[1.4142135623730951, 1.4142135623730951, 1.4142135623730951, 320.67740799750766]"
images/custom/john_honey/high/A/custom_john_honey_high_A_2.jpg,4,True,True,95746538,"[0.0, 1.0, 1.4142135623730951, 1.4142135623730951]"
images/custom/john_honey/high/A/custom_john_honey_high_A_3.jpg,4,True,True,95497349,"[0.0, 1.0, 2.23606797749979, 2.8284271247461903]"
images/custom/john_honey/high/A/custom_john_honey_high_A_4.jpg,4,True,True,90787809,"[1.0, 1.0, 1.4142135623730951, 1.4142135623730951]"
images/custom/john_honey/high/B/custom_john_honey_high_B_0.jpg,4,False,False,98574254,"[1.0, 1.0, 2.0, 155.0129026887762]"
images/custom/john_honey/high/B/custom_john_honey_high_B_1.jpg,3,True,False,98097509,"[0.0, 1.4142135623730951, 2.0]"
images/custom/john_honey/high/B/custom_john_honey_high_B_2.jpg,3,True,False,95894776,"[1.0, 2.0, 3.1622776601683795]"
images/custom/john_honey/high/B/custom_john_honey_high_B_3.jpg,3,True,False,99932398,"[1.4142135623730951, 2.0, 3.0]"
images/custom/john_honey/high/B/custom_john_honey_high_B_4.jpg,3,True,False,90298559,"[1.0, 1.0, 1.4142135623730951]"
images/custom/john_honey/high/C/custom_john_honey_high_C_0.jpg,2,True,False,95257511,"[1.0, 1.4142135623730951]"
images/custom/john_honey/high/C/custom_john_honey_high_C_1.jpg,2,True,False,91725299,"[1.4142135623730951, 2.0]"
images/custom/john_honey/high/C/custom_john_honey_high_C_2.jpg,3,False,False,91538747,"[0.0, 1.0, 301.42494919963076]"
images/custom/john_honey/high/C/custom_john_honey_high_C_3.jpg,4,False,False,92942064,"[1.0, 1.0, 261.1991577321795, 389.0629769073382]"
images/custom/john_honey/high/C/custom_john_honey_high_C_4.jpg,2,True,False,89877008,"[1.4142135623730951, 1.4142135623730951]"
images/custom/john_honey/high/D/custom_john_honey_high_D_0.jpg,5,True,False,93814245,"[0.0, 1.0, 1.0, 1.4142135623730951, 273.3093485411723]"
images/custom/john_honey/high/D/custom_john_honey_high_D_1.jpg,4,True,True,98361830,"[1.0, 1.0, 1.0, 2.23606797749979]"
images/custom/john_honey/high/D/custom_john_honey_high_D_2.jpg,4,True,True,101019365,"[0.0, 1.0, 2.0, 2.23606797749979]"
images/custom/john_honey/high/D/custom_john_honey_high_D_3.jpg,4,True,True,101251230,"[1.0, 1.0, 1.4142135623730951, 1.4142135623730951]"
images/custom/john_honey/high/D/custom_john_honey_high_D_4.jpg,4,True,True,92226998,"[1.0, 1.0, 2.0, 2.23606797749979]"
images/custom/john_honey/medium/A/custom_john_honey_medium_A_0.jpg,4,True,True,94988950,"[0.0, 1.0, 1.0, 1.4142135623730951]"
images/custom/john_honey/medium/A/custom_john_honey_medium_A_1.jpg,4,True,True,99989026,"[0.0, 1.0, 1.0, 1.4142135623730951]"
images/custom/john_honey/medium/A/custom_john_honey_medium_A_2.jpg,4,True,True,96833355,"[0.0, 1.0, 1.0, 1.4142135623730951]"
images/custom/john_honey/medium/A/custom_john_honey_medium_A_3.jpg,4,True,True,92988427,"[1.0, 1.4142135623730951, 1.4142135623730951, 2.0]"
images/custom/john_honey/medium/A/custom_john_honey_medium_A_4.jpg,4,True,True,98463171,"[1.0, 1.0, 1.4142135623730951, 1.4142135623730951]"
images/custom/john_honey/medium/B/custom_john_honey_medium_B_0.jpg,5,True,False,105050165,"[1.0, 1.0, 1.0, 1.4142135623730951, 121.2023102090055]"
images/custom/john_honey/medium/B/custom_john_honey_medium_B_1.jpg,4,True,True,104431375,"[1.0, 1.0, 2.23606797749979, 2.23606797749979]"
images/custom/john_honey/medium/B/custom_john_honey_medium_B_2.jpg,4,True,True,88672682,"[0.0, 1.4142135623730951, 2.23606797749979, 2.23606797749979]"
images/custom/john_honey/medium/B/custom_john_honey_medium_B_3.jpg,4,True,True,91867165,"[0.0, 2.0, 2.0, 2.8284271247461903]"
images/custom/john_honey/medium/B/custom_john_honey_medium_B_4.jpg,5,True,False,99597020,"[1.0, 1.0, 1.4142135623730951, 2.23606797749979, 83.19254774317228]"
images/custom/john_honey/medium/C/custom_john_honey_medium_C_0.jpg,3,True,False,93487462,"[1.0, 1.0, 1.4142135623730951]"
images/custom/john_honey/medium/C/custom_john_honey_medium_C_1.jpg,3,True,False,96549044,"[1.0, 1.4142135623730951, 1.4142135623730951]"
images/custom/john_honey/medium/C/custom_john_honey_medium_C_2.jpg,2,True,False,96967177,"[1.0, 1.4142135623730951]"
images/custom/john_honey/medium/C/custom_john_honey_medium_C_3.jpg,2,True,False,103385622,"[0.0, 1.4142135623730951]"
images/custom/john_honey/medium/C/custom_john_honey_medium_C_4.jpg,2,True,False,98224686,"[1.0, 1.0]"
images/custom/john_honey/medium/D/custom_john_honey_medium_D_0.jpg,4,True,True,94428276,"[0.0, 1.0, 1.4142135623730951, 2.23606797749979]"
images/custom/john_honey/medium/D/custom_john_honey_medium_D_1.jpg,4,True,True,89278341,"[0.0, 0.0, 1.4142135623730951, 1.4142135623730951]"
images/custom/john_honey/medium/D/custom_john_honey_medium_D_2.jpg,4,True,True,95277620,"[0.0, 1.4142135623730951, 1.4142135623730951, 1.4142135623730951]"
images/custom/john_honey/medium/D/custom_john_honey_medium_D_3.jpg,4,True,True,100112618,"[0.0, 1.0, 1.4142135623730951, 2.23606797749979]"
images/custom/john_honey/medium/D/custom_john_honey_medium_D_4.jpg,4,True,True,94135074,"[1.0, 1.4142135623730951, 1.4142135623730951, 2.23606797749979]"
images/custom/john_honey/short/A/custom_john_honey_short_A_0.jpg,4,True,True,104105755,"[0.0, 1.0, 1.0, 2.0]"
images/custom/john_honey/short/A/custom_john_honey_short_A_1.jpg,4,True,True,103076995,"[1.0, 1.4142135623730951, 2.23606797749979, 3.0]"
images/custom/john_honey/short/A/custom_john_honey_short_A_2.jpg,4,True,True,101202249,"[1.0, 1.4142135623730951, 1.4142135623730951, 2.0]"
images/custom/john_honey/short/A/custom_john_honey_short_A_3.jpg,4,True,True,107911114,"[1.0, 1.4142135623730951, 2.0, 2.0]"
images/custom/john_honey/short/A/custom_john_honey_short_A_4.jpg,4,True,True,107657415,"[0.0, 1.4142135623730951, 2.23606797749979, 2.23606797749979]"
images/custom/john_honey/short/B/custom_john_honey_short_B_0.jpg,4,True,True,109591463,"[1.0, 1.0, 2.23606797749979, 2.23606797749979]"
images/custom/john_honey/short/B/custom_john_honey_short_B_1.jpg,4,True,True,101374994,"[0.0, 2.0, 2.23606797749979, 3.0]"
images/custom/john_honey/short/B/custom_john_honey_short_B_2.jpg,4,True,True,106424293,"[1.0, 1.0, 1.4142135623730951, 1.4142135623730951]"
images/custom/john_honey/short/B/custom_john_honey_short_B_3.jpg,4,True,True,103032581,"[1.0, 1.0, 1.0, 3.0]"
images/custom/john_honey/short/B/custom_john_honey_short_B_4.jpg,4,True,True,104149818,"[1.0, 1.0, 1.0, 1.4142135623730951]"
images/custom/john_honey/short/C/custom_john_honey_short_C_0.jpg,2,True,False,103213050,"[1.4142135623730951, 1.4142135623730951]"
images/custom/john_honey/short/C/custom_john_honey_short_C_1.jpg,2,True,False,114092887,"[1.0, 2.23606797749979]"
images/custom/john_honey/short/C/custom_john_honey_short_C_2.jpg,2,True,False,99998327,"[1.0, 1.4142135623730951]"
images/custom/john_honey/short/C/custom_john_honey_short_C_3.jpg,4,False,False,101519656,"[1.0, 2.0, 2.0, 115.06954418958998]"
images/custom/john_honey/short/C/custom_john_honey_short_C_4.jpg,3,True,False,101974900,"[0.0, 1.4142135623730951, 1.4142135623730951]"
images/custom/john_honey/short/D/custom_john_honey_short_D_0.jpg,4,True,True,97370934,"[0.0, 1.4142135623730951, 1.4142135623730951, 2.8284271247461903]"
images/custom/john_honey/short/D/custom_john_honey_short_D_1.jpg,4,True,True,97916719,"[1.0, 1.0, 1.4142135623730951, 1.4142135623730951]"
images/custom/john_honey/short/D/custom_john_honey_short_D_2.jpg,4,True,True,100744113,"[1.0, 1.4142135623730951, 1.4142135623730951, 2.0]"
images/custom/john_honey/short/D/custom_john_honey_short_D_3.jpg,5,True,False,105570590,"[0.0, 1.4142135623730951, 1.4142135623730951, 2.0, 665.9016443890193]"
images/custom/john_honey/short/D/custom_john_honey_short_D_4.jpg,4,True,True,106110450,"[0.0, 1.0, 1.0, 1.4142135623730951]"
images/custom/michaels/high/A/custom_michaels_high_A_0.jpg,2,True,False,84551262,"[0.0, 2.0]"
images/custom/michaels/high/A/custom_michaels_high_A_1.jpg,2,True,False,79159823,"[1.0, 1.0]"
images/custom/michaels/high/A/custom_michaels_high_A_2.jpg,4,True,True,85831824,"[1.0, 1.0, 1.4142135623730951, 1.4142135623730951]"
images/custom/michaels/high/A/custom_michaels_high_A_3.jpg,4,True,True,80434231,"[0.0, 1.0, 1.0, 1.0]"
images/custom/michaels/high/A/custom_michaels_high_A_4.jpg,4,True,True,82171992,"[0.0, 1.4142135623730951, 1.4142135623730951, 2.0]"
images/custom/michaels/high/B/custom_michaels_high_B_0.jpg,3,True,False,84201368,"[0.0, 1.0, 2.8284271247461903]"
images/custom/michaels/high/B/custom_michaels_high_B_1.jpg,4,True,True,82219367,"[1.0, 1.0, 1.4142135623730951, 2.0]"
images/custom/michaels/high/B/custom_michaels_high_B_2.jpg,4,True,True,83961220,"[1.0, 1.4142135623730951, 1.4142135623730951, 3.0]"
images/custom/michaels/high/B/custom_michaels_high_B_3.jpg,2,True,False,81142279,"[1.0, 2.23606797749979]"
images/custom/michaels/high/B/custom_michaels_high_B_4.jpg,4,True,True,81440770,"[0.0, 1.0, 1.4142135623730951, 1.4142135623730951]"
images/custom/michaels/high/C/custom_michaels_high_C_0.jpg,2,True,False,85978179,"[1.4142135623730951, 2.23606797749979]"
images/custom/michaels/high/C/custom_michaels_high_C_1.jpg,2,True,False,84370110,"[0.0, 1.4142135623730951]"
images/custom/michaels/high/C/custom_michaels_high_C_2.jpg,2,True,False,83209518,"[1.0, 1.0]"
images/custom/michaels/high/C/custom_michaels_high_C_3.jpg,2,True,False,81836441,"[1.0, 1.4142135623730951]"
images/custom/michaels/high/C/custom_michaels_high_C_4.jpg,2,True,False,79159151,"[2.0, 2.23606797749979]"
images/custom/michaels/high/D/custom_michaels_high_D_0.jpg,4,True,True,84490566,"[0.0, 0.0, 1.0, 1.4142135623730951]"
images/custom/michaels/high/D/custom_michaels_high_D_1.jpg,4,True,True,80042299,"[1.0, 1.0, 1.4142135623730951, 2.23606797749979]"
images/custom/michaels/high/D/custom_michaels_high_D_2.jpg,4,True,True,80333703,"[1.0, 1.0, 1.0, 1.4142135623730951]"
images/custom/michaels/high/D/custom_michaels_high_D_3.jpg,4,True,True,86864432,"[1.0, 1.0, 1.0, 1.4142135623730951]"
images/custom/michaels/high/D/custom_michaels_high_D_4.jpg,4,True,True,85108387,"[1.0, 1.4142135623730951, 1.4142135623730951, 1.4142135623730951]"
images/custom/michaels/medium/A/custom_michaels_medium_A_0.jpg,4,True,True,89882040,"[0.0, 1.4142135623730951, 2.0, 2.23606797749979]"
images/custom/michaels/medium/A/custom_michaels_medium_A_1.jpg,4,True,True,93468615,"[0.0, 0.0, 1.0, 2.0]"
images/custom/michaels/medium/A/custom_michaels_medium_A_2.jpg,5,True,False,89569473,"[1.0, 1.4142135623730951, 1.4142135623730951, 3.0, 415.38897433610344]"
images/custom/michaels/medium/A/custom_michaels_medium_A_3.jpg,4,True,True,90211679,"[1.0, 1.0, 2.0, 2.23606797749979]"
images/custom/michaels/medium/A/custom_michaels_medium_A_4.jpg,4,True,True,89207629,"[0.0, 1.0, 1.4142135623730951, 1.4142135623730951]"
images/custom/michaels/medium/B/custom_michaels_medium_B_0.jpg,4,True,True,94020269,"[1.0, 1.0, 1.0, 1.4142135623730951]"
images/custom/michaels/medium/B/custom_michaels_medium_B_1.jpg,6,True,False,93366885,"[0.0, 0.0, 1.4142135623730951, 2.23606797749979, 242.0743687382041, 275.3924472457442]"
images/custom/michaels/medium/B/custom_michaels_medium_B_2.jpg,4,True,True,90543699,"[0.0, 1.4142135623730951, 2.23606797749979, 2.23606797749979]"
images/custom/michaels/medium/B/custom_michaels_medium_B_3.jpg,5,True,False,95781463,"[0.0, 1.0, 1.4142135623730951, 2.23606797749979, 251.19116226491727]"
images/custom/michaels/medium/B/custom_michaels_medium_B_4.jpg,4,True,True,86331580,"[1.0, 1.0, 1.4142135623730951, 2.0]"
images/custom/michaels/medium/C/custom_michaels_medium_C_0.jpg,2,True,False,88143058,"[1.0, 1.0]"
images/custom/michaels/medium/C/custom_michaels_medium_C_1.jpg,2,True,False,91550676,"[1.0, 1.4142135623730951]"
images/custom/michaels/medium/C/custom_michaels_medium_C_2.jpg,2,True,False,86253575,"[1.4142135623730951, 2.23606797749979]"
images/custom/michaels/medium/C/custom_michaels_medium_C_3.jpg,2,True,False,90551403,"[1.4142135623730951, 2.23606797749979]"
images/custom/michaels/medium/C/custom_michaels_medium_C_4.jpg,2,True,False,89014283,"[0.0, 0.0]"
images/custom/michaels/medium/D/custom_michaels_medium_D_0.jpg,4,False,False,88059179,"[1.0, 1.0, 1.0, 6.324555320336759]"
images/custom/michaels/medium/D/custom_michaels_medium_D_1.jpg,4,True,True,86971401,"[0.0, 0.0, 1.4142135623730951, 2.23606797749979]"
images/custom/michaels/medium/D/custom_michaels_medium_D_2.jpg,4,True,True,88530487,"[0.0, 0.0, 1.0, 1.4142135623730951]"
images/custom/michaels/medium/D/custom_michaels_medium_D_3.jpg,4,True,True,90945342,"[1.0, 1.0, 1.4142135623730951, 1.4142135623730951]"
images/custom/michaels/medium/D/custom_michaels_medium_D_4.jpg,4,True,True,84377309,"[0.0, 1.0, 1.4142135623730951, 2.23606797749979]"
images/custom/michaels/short/A/custom_michaels_short_A_0.jpg,4,True,True,91227966,"[1.0, 1.0, 1.0, 2.23606797749979]"
images/custom/michaels/short/A/custom_michaels_short_A_1.jpg,4,True,True,93692238,"[0.0, 1.0, 1.0, 1.4142135623730951]"
images/custom/michaels/short/A/custom_michaels_short_A_2.jpg,4,True,True,92857157,"[0.0, 1.4142135623730951, 1.4142135623730951, 2.0]"
images/custom/michaels/short/A/custom_michaels_short_A_3.jpg,4,True,True,94431586,"[1.0, 2.23606797749979, 2.23606797749979, 2.23606797749979]"
images/custom/michaels/short/A/custom_michaels_short_A_4.jpg,4,True,True,91291665,"[2.0, 2.23606797749979, 2.23606797749979, 2.23606797749979]"
images/custom/michaels/short/B/custom_michaels_short_B_0.jpg,4,True,True,92052802,"[1.0, 1.4142135623730951, 1.4142135623730951, 2.23606797749979]"
images/custom/michaels/short/B/custom_michaels_short_B_1.jpg,4,True,True,93538908,"[1.0, 1.0, 2.23606797749979, 2.8284271247461903]"
images/custom/michaels/short/B/custom_michaels_short_B_2.jpg,4,True,True,90743914,"[1.0, 1.4142135623730951, 1.4142135623730951, 2.0]"
images/custom/michaels/short/B/custom_michaels_short_B_3.jpg,3,True,False,94836101,"[1.4142135623730951, 1.4142135623730951, 2.0]"
images/custom/michaels/short/B/custom_michaels_short_B_4.jpg,4,True,True,88973916,"[1.4142135623730951, 2.0, 2.0, 2.23606797749979]"
images/custom/michaels/short/C/custom_michaels_short_C_0.jpg,2,True,False,90480557,"[0.0, 1.0]"
images/custom/michaels/short/C/custom_michaels_short_C_1.jpg,2,True,False,89637974,"[1.0, 1.0]"
images/custom/michaels/short/C/custom_michaels_short_C_2.jpg,2,True,False,95513242,"[1.0, 1.0]"
images/custom/michaels/short/C/custom_michaels_short_C_3.jpg,4,False,False,96319476,"[1.4142135623730951, 1.4142135623730951, 2.23606797749979, 218.54976549975981]"
images/custom/michaels/short/C/custom_michaels_short_C_4.jpg,3,True,False,84858809,"[1.0, 1.4142135623730951, 2.0]"
images/custom/michaels/short/D/custom_michaels_short_D_0.jpg,4,False,False,92606678,"[1.4142135623730951, 2.0, 2.0, 103.00485425454472]"
images/custom/michaels/short/D/custom_michaels_short_D_1.jpg,4,True,True,92248307,"[1.0, 1.4142135623730951, 1.4142135623730951, 2.23606797749979]"
images/custom/michaels/short/D/custom_michaels_short_D_2.jpg,4,True,True,87680828,"[0.0, 2.0, 2.23606797749979, 2.23606797749979]"
images/custom/michaels/short/D/custom_michaels_short_D_3.jpg,4,True,True,94106115,"[1.4142135623730951, 1.4142135623730951, 1.4142135623730951, 3.0]"
images/custom/michaels/short/D/custom_michaels_short_D_4.jpg,4,True,True,89308315,"[0.0, 1.0, 2.0, 3.0]"
images/dark/davids/high/A/dark_davids_high_A_0.jpg,3,True,False,93442627,"[1.0, 1.0, 2.23606797749979]"
images/dark/davids/high/A/dark_davids_high_A_1.jpg,3,True,False,92654209,"[1.0, 1.4142135623730951, 2.23606797749979]"
images/dark/davids/high/A/dark_davids_high_A_2.jpg,4,True,True,87645975,"[1.0, 1.0, 1.0, 1.4142135623730951]"
images/dark/davids/high/A/dark_davids_high_A_3.jpg,3,True,False,91691526,"[2.0, 2.23606797749979, 2.23606797749979]"
images/dark/davids/high/A/dark_davids_high_A_4.jpg,4,True,True,88478319,"[1.0, 1.0, 1.4142135623730951, 1.4142135623730951]"
images/dark/davids/high/B/dark_davids_high_B_0.jpg,4,True,True,97126667,"[1.0, 1.0, 1.0, 1.4142135623730951]"
images/dark/davids/high/B/dark_davids_high_B_1.jpg,4,True,True,99215611,"[1.0, 1.0, 2.0, 2.23606797749979]"
images/dark/davids/high/B/dark_davids_high_B_2.jpg,4,True,True,95634866,"[1.0, 1.0, 1.4142135623730951, 2.23606797749979]"
images/dark/davids/high/B/dark_davids_high_B_3.jpg,4,True,True,98948892,"[1.0, 1.4142135623730951, 2.0, 2.23606797749979]"
images/dark/davids/high/B/dark_davids_high_B_4.jpg,4,True,True,90260459,"[1.0, 1.4142135623730951, 1.4142135623730951, 1.4142135623730951]"
images/dark/davids/high/C/dark_davids_high_C_0.jpg,5,True,False,100897693,"[0.0, 1.4142135623730951, 1.4142135623730951, 2.23606797749979, 522.0823689802213]"
images/dark/davids/high/C/dark_davids_high_C_1.jpg,5,True,False,93181978,"[0.0, 1.0, 1.4142135623730951, 2.0, 475.9180601742279]"
images/dark/davids/high/C/dark_davids_high_C_2.jpg,5,True,False,98537503,"[0.0, 1.0, 1.0, 1.4142135623730951, 475.10525149697094]"
images/dark/davids/high/C/dark_davids_high_C_3.jpg,5,True,False,92464352,"[1.0, 1.0, 1.4142135623730951, 2.0, 494.453233380064]"
images/dark/davids/high/C/dark_davids_high_C_4.jpg,5,True,False,92177726,"[0.0, 1.0, 1.0, 2.0, 493.87953996900904]"
images/dark/davids/high/D/dark_davids_high_D_0.jpg,4,True,True,92630535,"[0.0, 0.0, 1.4142135623730951, 2.0]"
images/dark/davids/high/D/dark_davids_high_D_1.jpg,3,True,False,93174164,"[0.0, 1.0, 1.4142135623730951]"
images/dark/davids/high/D/dark_davids_high_D_2.jpg,3,False,False,92656526,"[1.0, 1.4142135623730951, 6.082762530298219]"
images/dark/davids/high/D/dark_davids_high_D_3.jpg,3,False,False,89848016,"[1.0, 1.4142135623730951, 8.94427190999916]"
images/dark/davids/high/D/dark_davids_high_D_4.jpg,4,True,True,90639830,"[0.0, 1.0, 1.0, 1.4142135623730951]"
images/dark/davids/medium/A/dark_davids_medium_A_0.jpg,3,True,False,92742595,"[1.0, 1.4142135623730951, 2.23606797749979]"
images/dark/davids/medium/A/dark_davids_medium_A_1.jpg,3,True,False,99049191,"[0.0, 1.0, 1.4142135623730951]"
images/dark/davids/medium/A/dark_davids_medium_A_2.jpg,4,True,True,106608908,"[0.0, 1.0, 1.0, 2.0]"
images/dark/davids/medium/A/dark_davids_medium_A_3.jpg,4,True,True,112026066,"[1.4142135623730951, 2.0, 2.23606797749979, 2.23606797749979]"
images/dark/davids/medium/A/dark_davids_medium_A_4.jpg,3,True,False,82174605,"[1.0, 1.4142135623730951, 2.23606797749979]"
images/dark/davids/medium/B/dark_davids_medium_B_0.jpg,6,True,False,96840291,"[1.0, 1.0, 1.4142135623730951, 2.0, 615.4421175057813, 671.8720116212611]"
images/dark/davids/medium/B/dark_davids_medium_B_1.jpg,6,True,False,101315944,"[1.0, 1.4142135623730951, 2.0, 2.23606797749979, 474.911570716065, 543.111406619305]"
images/dark/davids/medium/B/dark_davids_medium_B_2.jpg,6,True,False,93622025,"[1.4142135623730951, 1.4142135623730951, 2.23606797749979, 2.23606797749979, 471.4764044997374, 539.3922505932023]"
images/dark/davids/medium/B/dark_davids_medium_B_3.jpg,6,True,False,96441430,"[1.0, 1.0, 1.4142135623730951, 2.23606797749979, 470.73665674132496, 539.1567490071881]"
images/dark/davids/medium/B/dark_davids_medium_B_4.jpg,7,True,False,87014375,"[1.0, 1.0, 1.4142135623730951, 2.23606797749979, 298.9180489699476, 520.2547452931112, 589.6007123469238]"
images/dark/davids/medium/C/dark_davids_medium_C_0.jpg,4,True,True,93103530,"[0.0, 1.0, 1.0, 1.0]"
images/dark/davids/medium/C/dark_davids_medium_C_1.jpg,3,True,False,93228397,"[1.0, 1.4142135623730951, 2.0]"
images/dark/davids/medium/C/dark_davids_medium_C_2.jpg,3,True,False,86264777,"[1.0, 1.0, 2.23606797749979]"
images/dark/davids/medium/C/dark_davids_medium_C_3.jpg,3,True,False,86006772,"[0.0, 1.4142135623730951, 1.4142135623730951]"
images/dark/davids/medium/C/dark_davids_medium_C_4.jpg,4,True,True,84372253,"[0.0, 1.0, 1.4142135623730951, 2.23606797749979]"
images/dark/davids/medium/D/dark_davids_medium_D_0.jpg,5,False,False,87375811,"[1.4142135623730951, 2.23606797749979, 10.770329614269007, 11.045361017187261, 590.0]"
images/dark/davids/medium/D/dark_davids_medium_D_1.jpg,5,False,False,88606559,"[1.0, 2.0, 10.04987562112089, 11.0, 586.8466579950848]"
images/dark/davids/medium/D/dark_davids_medium_D_2.jpg,3,False,False,98125389,"[2.23606797749979, 3.1622776601683795, 431.6132528085763]"
images/dark/davids/medium/D/dark_davids_medium_D_3.jpg,4,False,False,91361943,"[1.0, 2.0, 3.605551275463989, 435.15744277215344]"
images/dark/davids/medium/D/dark_davids_medium_D_4.jpg,4,False,False,86221908,"[1.0, 2.0, 2.23606797749979, 733.6163847679521]"
images/dark/davids/short/A/dark_davids_short_A_0.jpg,4,True,True,105045635,"[1.4142135623730951, 2.0, 2.23606797749979, 3.605551275463989]"
images/dark/davids/short/A/dark_davids_short_A_1.jpg,4,True,True,87386711,"[1.0, 1.4142135623730951, 2.0, 2.0]"
images/dark/davids/short/A/dark_davids_short_A_2.jpg,4,True,True,94153268,"[1.0, 1.4142135623730951, 2.23606797749979, 3.1622776601683795]"
images/dark/davids/short/A/dark_davids_short_A_3.jpg,4,True,True,110746146,"[1.4142135623730951, 2.0, 2.23606797749979, 4.0]"
images/dark/davids/short/A/dark_davids_short_A_4.jpg,4,True,True,93746772,"[0.0, 1.0, 2.0, 2.23606797749979]"
images/dark/davids/short/B/dark_davids_short_B_0.jpg,4,True,True,98981154,"[1.4142135623730951, 1.4142135623730951, 2.0, 3.605551275463989]"
images/dark/davids/short/B/dark_davids_short_B_1.jpg,5,True,False,108429243,"[1.0, 1.0, 1.4142135623730951, 1.4142135623730951, 256.11325619733157]"
images/dark/davids/short/B/dark_davids_short_B_2.jpg,4,True,True,91946362,"[1.0, 1.4142135623730951, 2.0, 2.0]"
images/dark/davids/short/B/dark_davids_short_B_3.jpg,4,True,True,90905061,"[1.0, 1.0, 3.0, 3.0]"
images/dark/davids/short/B/dark_davids_short_B_4.jpg,4,True,True,96686481,"[0.0, 1.0, 1.0, 2.23606797749979]"
images/dark/davids/short/C/dark_davids_short_C_0.jpg,4,True,True,95856103,"[1.0, 1.4142135623730951, 1.4142135623730951, 2.23606797749979]"
images/dark/davids/short/C/dark_davids_short_C_1.jpg,4,True,True,96073211,"[1.0, 1.0, 1.4142135623730951, 2.23606797749979]"
images/dark/davids/short/C/dark_davids_short_C_2.jpg,4,True,True,86806953,"[2.23606797749979, 2.23606797749979, 2.23606797749979, 3.1622776601683795]"
images/dark/davids/short/C/dark_davids_short_C_3.jpg,3,True,False,102403000,"[0.0, 1.0, 1.4142135623730951]"
images/dark/davids/short/C/dark_davids_short_C_4.jpg,6,True,False,96229946,"[1.0, 1.4142135623730951, 1.4142135623730951, 3.0, 376.19144062564743, 529.1587663452246]"
images/dark/davids/short/D/dark_davids_short_D_0.jpg,5,True,False,90942546,"[0.0, 1.0, 1.4142135623730951, 1.4142135623730951, 214.66718426438635]"
images/dark/davids/short/D/dark_davids_short_D_1.jpg,4,True,True,99523840,"[1.0, 1.4142135623730951, 3.0, 3.605551275463989]"
images/dark/davids/short/D/dark_davids_short_D_2.jpg,4,False,False,97292849,"[0.0, 1.0, 2.0, 8.246211251235321]"
images/dark/davids/short/D/dark_davids_short_D_3.jpg,4,False,False,96100623,"[1.0, 1.4142135623730951, 2.23606797749979, 10.63014581273465]"
images/dark/davids/short/D/dark_davids_short_D_4.jpg,4,True,True,96262259,"[2.0, 2.23606797749979, 3.0, 3.1622776601683795]"
images/dark/jack_cole/high/A/dark_jack_cole_high_A_0.jpg,4,True,True,86345236,"[0.0, 0.0, 1.4142135623730951, 2.0]"
images/dark/jack_cole/high/A/dark_jack_cole_high_A_1.jpg,4,True,True,83670192,"[0.0, 1.0, 1.4142135623730951, 1.4142135623730951]"
images/dark/jack_cole/high/A/dark_jack_cole_high_A_2.jpg,4,True,True,80481581,"[0.0, 1.0, 1.0, 3.1622776601683795]"
images/dark/jack_cole/high/A/dark_jack_cole_high_A_3.jpg,4,True,True,84981851,"[0.0, 1.0, 1.0, 1.0]"
images/dark/jack_cole/high/A/dark_jack_cole_high_A_4.jpg,4,True,True,87864886,"[1.0, 1.4142135623730951, 1.4142135623730951, 2.23606797749979]"
images/dark/jack_cole/high/B/dark_jack_cole_high_B_0.jpg,4,True,True,87556760,"[0.0, 1.0, 1.0, 1.4142135623730951]"
images/dark/jack_cole/high/B/dark_jack_cole_high_B_1.jpg,4,True,True,86099749,"[1.0, 1.0, 2.0, 2.23606797749979]"
images/dark/jack_cole/high/B/dark_jack_cole_high_B_2.jpg,4,True,True,87586196,"[1.0, 1.0, 2.0, 2.23606797749979]"
images/dark/jack_cole/high/B/dark_jack_cole_high_B_3.jpg,4,True,True,85852001,"[1.0, 1.0, 1.0, 3.0]"
images/dark/jack_cole/high/B/dark_jack_cole_high_B_4.jpg,4,True,True,79482549,"[1.0, 1.0, 1.0, 1.4142135623730951]"
images/dark/jack_cole/high/C/dark_jack_cole_high_C_0.jpg,4,True,True,89247010,"[1.0, 1.4142135623730951, 2.0, 2.23606797749979]"
images/dark/jack_cole/high/C/dark_jack_cole_high_C_1.jpg,4,True,True,92488007,"[1.0, 1.0, 1.4142135623730951, 1.4142135623730951]"
images/dark/jack_cole/high/C/dark_jack_cole_high_C_2.jpg,6,True,False,95210733,"[0.0, 0.0, 1.4142135623730951, 2.23606797749979, 212.70872102478543, 330.3346787729075]"
images/dark/jack_cole/high/C/dark_jack_cole_high_C_3.jpg,5,True,False,88185851,"[1.0, 1.4142135623730951, 1.4142135623730951, 2.23606797749979, 328.27427556846425]"
images/dark/jack_cole/high/C/dark_jack_cole_high_C_4.jpg,4,True,True,85624826,"[1.4142135623730951, 1.4142135623730951, 2.23606797749979, 2.23606797749979]"
images/dark/jack_cole/high/D/dark_jack_cole_high_D_0.jpg,4,True,True,84299111,"[1.0, 1.4142135623730951, 2.0, 2.23606797749979]"
images/dark/jack_cole/high/D/dark_jack_cole_high_D_1.jpg,4,True,True,88795838,"[1.0, 1.4142135623730951, 2.0, 2.23606797749979]"
images/dark/jack_cole/high/D/dark_jack_cole_high_D_2.jpg,4,True,True,80408404,"[1.0, 1.0, 1.0, 3.0]"
images/dark/jack_cole/high/D/dark_jack_cole_high_D_3.jpg,4,True,True,82367453,"[1.0, 1.0, 1.4142135623730951, 2.23606797749979]"
images/dark/jack_cole/high/D/dark_jack_cole_high_D_4.jpg,4,True,True,87593533,"[1.4142135623730951, 1.4142135623730951, 2.0, 2.23606797749979]"
images/dark/jack_cole/medium/A/dark_jack_cole_medium_A_0.jpg,4,True,True,87895502,"[1.0, 1.0, 1.0, 2.23606797749979]"
images/dark/jack_cole/medium/A/dark_jack_cole_medium_A_1.jpg,4,True,True,90366877,"[1.0, 1.4142135623730951, 2.23606797749979, 2.8284271247461903]"
images/dark/jack_cole/medium/A/dark_jack_cole_medium_A_2.jpg,4,True,True,87736644,"[1.0, 1.0, 1.4142135623730951, 3.0]"
images/dark/jack_cole/medium/A/dark_jack_cole_medium_A_3.jpg,4,True,True,86791293,"[0.0, 1.4142135623730951, 2.0, 2.23606797749979]"
images/dark/jack_cole/medium/A/dark_jack_cole_medium_A_4.jpg,3,True,False,83925300,"[0.0, 1.0, 1.4142135623730951]"
images/dark/jack_cole/medium/B/dark_jack_cole_medium_B_0.jpg,4,True,True,90506623,"[1.4142135623730951, 1.4142135623730951, 2.23606797749979, 3.0]"
images/dark/jack_cole/medium/B/dark_jack_cole_medium_B_1.jpg,4,True,True,92124602,"[1.0, 1.4142135623730951, 2.0, 2.23606797749979]"
images/dark/jack_cole/medium/B/dark_jack_cole_medium_B_2.jpg,4,True,True,84309159,"[1.0, 2.0, 2.0, 2.23606797749979]"
images/dark/jack_cole/medium/B/dark_jack_cole_medium_B_3.jpg,4,True,True,84964269,"[0.0, 2.23606797749979, 2.23606797749979, 2.8284271247461903]"
images/dark/jack_cole/medium/B/dark_jack_cole_medium_B_4.jpg,4,True,True,87043095,"[1.0, 1.4142135623730951, 2.0, 2.0]"
images/dark/jack_cole/medium/C/dark_jack_cole_medium_C_0.jpg,4,True,True,85970380,"[0.0, 1.0, 1.0, 1.4142135623730951]"
images/dark/jack_cole/medium/C/dark_jack_cole_medium_C_1.jpg,5,True,False,95495055,"[1.0, 1.0, 1.4142135623730951, 1.4142135623730951, 298.9866217742861]"
images/dark/jack_cole/medium/C/dark_jack_cole_medium_C_2.jpg,4,True,True,93876702,"[1.0, 1.0, 2.23606797749979, 3.1622776601683795]"
images/dark/jack_cole/medium/C/dark_jack_cole_medium_C_3.jpg,4,True,True,96969865,"[0.0, 2.0, 2.8284271247461903, 3.0]"
images/dark/jack_cole/medium/C/dark_jack_cole_medium_C_4.jpg,4,True,True,92000331,"[1.0, 2.0, 2.23606797749979, 3.0]"
images/dark/jack_cole/medium/D/dark_jack_cole_medium_D_0.jpg,4,True,True,87912271,"[1.0, 2.0, 2.0, 3.1622776601683795]"
images/dark/jack_cole/medium/D/dark_jack_cole_medium_D_1.jpg,4,True,True,90350529,"[0.0, 0.0, 1.0, 2.0]"
images/dark/jack_cole/medium/D/dark_jack_cole_medium_D_2.jpg,4,True,True,85145097,"[1.0, 1.4142135623730951, 2.0, 2.0]"
images/dark/jack_cole/medium/D/dark_jack_cole_medium_D_3.jpg,4,True,True,92558892,"[1.0, 1.0, 1.0, 1.4142135623730951]"
images/dark/jack_cole/medium/D/dark_jack_cole_medium_D_4.jpg,3,True,False,86653826,"[1.0, 1.0, 2.0]"
images/dark/jack_cole/short/A/dark_jack_cole_short_A_0.jpg,4,True,True,91776922,"[1.0, 1.0, 1.4142135623730951, 2.0]"
images/dark/jack_cole/short/A/dark_jack_cole_short_A_1.jpg,4,True,True,91756074,"[0.0, 1.0, 1.0, 2.23606797749979]"
images/dark/jack_cole/short/A/dark_jack_cole_short_A_2.jpg,4,True,True,86727014,"[1.0, 1.4142135623730951, 3.605551275463989, 3.605551275463989]"
images/dark/jack_cole/short/A/dark_jack_cole_short_A_3.jpg,4,True,True,85309133,"[1.0, 2.23606797749979, 2.23606797749979, 2.23606797749979]"
images/dark/jack_cole/short/A/dark_jack_cole_short_A_4.jpg,4,True,True,84037593,"[1.4142135623730951, 2.23606797749979, 2.23606797749979, 3.1622776601683795]"
images/dark/jack_cole/short/B/dark_jack_cole_short_B_0.jpg,4,True,True,91425856,"[1.4142135623730951, 2.0, 2.23606797749979, 3.1622776601683795]"
images/dark/jack_cole/short/B/dark_jack_cole_short_B_1.jpg,4,True,True,92575102,"[1.4142135623730951, 2.0, 2.23606797749979, 2.8284271247461903]"
images/dark/jack_cole/short/B/dark_jack_cole_short_B_2.jpg,4,True,True,89602083,"[1.0, 1.4142135623730951, 1.4142135623730951, 2.8284271247461903]"
images/dark/jack_cole/short/B/dark_jack_cole_short_B_3.jpg,4,True,True,87003501,"[1.0, 1.0, 1.0, 1.4142135623730951]"
images/dark/jack_cole/short/B/dark_jack_cole_short_B_4.jpg,4,True,True,86414671,"[1.0, 1.4142135623730951, 2.0, 2.23606797749979]"
images/dark/jack_cole/short/C/dark_jack_cole_short_C_0.jpg,4,True,True,92980350,"[1.4142135623730951, 2.0, 2.23606797749979, 2.23606797749979]"
images/dark/jack_cole/short/C/dark_jack_cole_short_C_1.jpg,3,True,False,93138378,"[1.0, 2.23606797749979, 2.8284271247461903]"
images/dark/jack_cole/short/C/dark_jack_cole_short_C_2.jpg,4,True,True,93307557,"[1.0, 1.4142135623730951, 1.4142135623730951, 2.0]"
images/dark/jack_cole/short/C/dark_jack_cole_short_C_3.jpg,4,True,True,83033637,"[1.0, 1.0, 1.0, 2.0]"
images/dark/jack_cole/short/C/dark_jack_cole_short_C_4.jpg,4,True,True,80332642,"[0.0, 1.0, 2.23606797749979, 4.123105625617661]"
images/dark/jack_cole/short/D/dark_jack_cole_short_D_0.jpg,4,True,True,96365608,"[1.0, 1.0, 2.8284271247461903, 3.1622776601683795]"
images/dark/jack_cole/short/D/dark_jack_cole_short_D_1.jpg,3,True,False,97811189,"[2.23606797749979, 2.23606797749979, 3.0]"
images/dark/jack_cole/short/D/dark_jack_cole_short_D_2.jpg,4,True,True,92160984,"[1.4142135623730951, 2.23606797749979, 3.1622776601683795, 3.1622776601683795]"
images/dark/jack_cole/short/D/dark_jack_cole_short_D_3.jpg,3,False,False,86538873,"[1.0, 1.0, 347.9727000786125]"
images/dark/jack_cole/short/D/dark_jack_cole_short_D_4.jpg,4,True,True,86943628,"[2.23606797749979, 2.23606797749979, 2.23606797749979, 2.23606797749979]"
images/dark/john_honey/high/A/dark_john_honey_high_A_0.jpg,3,True,False,93278369,"[1.0, 1.4142135623730951, 2.23606797749979]"
images/dark/john_honey/high/A/dark_john_honey_high_A_1.jpg,2,True,False,98432408,"[1.4142135623730951, 1.4142135623730951]"
images/dark/john_honey/high/A/dark_john_honey_high_A_2.jpg,2,True,False,91219820,"[2.0, 2.8284271247461903]"
images/dark/john_honey/high/A/dark_john_honey_high_A_3.jpg,3,True,False,94696742,"[1.0, 2.23606797749979, 2.8284271247461903]"
images/dark/john_honey/high/A/dark_john_honey_high_A_4.jpg,3,True,False,93734003,"[0.0, 1.0, 2.0]"
images/dark/john_honey/high/B/dark_john_honey_high_B_0.jpg,4,True,True,94510820,"[0.0, 1.0, 1.4142135623730951, 4.0]"
images/dark/john_honey/high/B/dark_john_honey_high_B_1.jpg,4,True,True,98421110,"[0.0, 1.4142135623730951, 2.23606797749979, 2.8284271247461903]"
images/dark/john_honey/high/B/dark_john_honey_high_B_2.jpg,4,True,True,97120084,"[2.0, 2.23606797749979, 2.23606797749979, 2.8284271247461903]"
images/dark/john_honey/high/B/dark_john_honey_high_B_3.jpg,4,True,True,96893367,"[0.0, 2.0, 3.1622776601683795, 3.605551275463989]"
images/dark/john_honey/high/B/dark_john_honey_high_B_4.jpg,3,True,False,93015258,"[1.4142135623730951, 1.4142135623730951, 2.0]"
images/dark/john_honey/high/C/dark_john_honey_high_C_0.jpg,3,True,False,93370681,"[0.0, 1.0, 1.4142135623730951]"
images/dark/john_honey/high/C/dark_john_honey_high_C_1.jpg,3,True,False,99329848,"[1.0, 1.0, 1.4142135623730951]"
images/dark/john_honey/high/C/dark_john_honey_high_C_2.jpg,3,True,False,94901487,"[1.0, 1.4142135623730951, 2.8284271247461903]"
images/dark/john_honey/high/C/dark_john_honey_high_C_3.jpg,3,True,False,97200632,"[1.0, 2.23606797749979, 2.23606797749979]"
images/dark/john_honey/high/C/dark_john_honey_high_C_4.jpg,3,True,False,95335929,"[1.0, 1.4142135623730951, 1.4142135623730951]"
images/dark/john_honey/high/D/dark_john_honey_high_D_0.jpg,1,True,False,91735608,[1.0]
images/dark/john_honey/high/D/dark_john_honey_high_D_1.jpg,1,True,False,97222958,[2.0]
images/dark/john_honey/high/D/dark_john_honey_high_D_2.jpg,1,True,False,98813267,[2.23606797749979]
images/dark/john_honey/high/D/dark_john_honey_high_D_3.jpg,3,False,False,92011425,"[2.0, 2.23606797749979, 296.9393877544709]"
images/dark/john_honey/high/D/dark_john_honey_high_D_4.jpg,2,True,False,101104318,"[0.0, 2.23606797749979]"
images/dark/john_honey/medium/A/dark_john_honey_medium_A_0.jpg,5,True,False,96478732,"[1.0, 1.4142135623730951, 2.23606797749979, 2.8284271247461903, 397.7587208346286]"
images/dark/john_honey/medium/A/dark_john_honey_medium_A_1.jpg,3,True,False,100673673,"[1.4142135623730951, 2.0, 2.23606797749979]"
images/dark/john_honey/medium/A/dark_john_honey_medium_A_2.jpg,5,True,False,100285573,"[0.0, 1.0, 2.0, 2.23606797749979, 286.9738664059848]"
images/dark/john_honey/medium/A/dark_john_honey_medium_A_3.jpg,3,True,False,103171406,"[1.0, 1.0, 3.0]"
images/dark/john_honey/medium/A/dark_john_honey_medium_A_4.jpg,3,True,False,96238761,"[1.0, 1.0, 1.0]"
images/dark/john_honey/medium/B/dark_john_honey_medium_B_0.jpg,4,True,True,103349083,"[1.0, 1.4142135623730951, 2.0, 2.23606797749979]"
images/dark/john_honey/medium/B/dark_john_honey_medium_B_1.jpg,4,True,True,107404462,"[0.0, 1.0, 1.4142135623730951, 2.23606797749979]"
images/dark/john_honey/medium/B/dark_john_honey_medium_B_2.jpg,4,True,True,101021874,"[1.0, 1.0, 1.4142135623730951, 2.0]"
images/dark/john_honey/medium/B/dark_john_honey_medium_B_3.jpg,4,True,True,96981304,"[1.0, 1.0, 2.0, 2.23606797749979]"
images/dark/john_honey/medium/B/dark_john_honey_medium_B_4.jpg,4,True,True,92852782,"[0.0, 0.0, 1.0, 2.23606797749979]"
images/dark/john_honey/medium/C/dark_john_honey_medium_C_0.jpg,3,True,False,92678956,"[1.0, 1.0, 1.0]"
images/dark/john_honey/medium/C/dark_john_honey_medium_C_1.jpg,3,True,False,99323345,"[1.4142135623730951, 1.4142135623730951, 2.23606797749979]"
images/dark/john_honey/medium/C/dark_john_honey_medium_C_2.jpg,4,True,True,100503869,"[1.0, 1.0, 1.4142135623730951, 2.0]"
images/dark/john_honey/medium/C/dark_john_honey_medium_C_3.jpg,4,True,True,104294489,"[0.0, 1.0, 1.0, 1.4142135623730951]"
images/dark/john_honey/medium/C/dark_john_honey_medium_C_4.jpg,4,True,True,102534645,"[1.0, 2.23606797749979, 2.23606797749979, 2.23606797749979]"
images/dark/john_honey/medium/D/dark_john_honey_medium_D_0.jpg,3,True,False,98314153,"[1.0, 2.0, 2.23606797749979]"
images/dark/john_honey/medium/D/dark_john_honey_medium_D_1.jpg,3,True,False,99088219,"[0.0, 1.4142135623730951, 4.123105625617661]"
images/dark/john_honey/medium/D/dark_john_honey_medium_D_2.jpg,2,True,False,97711253,"[1.4142135623730951, 2.23606797749979]"
images/dark/john_honey/medium/D/dark_john_honey_medium_D_3.jpg,2,True,False,99743044,"[1.4142135623730951, 2.23606797749979]"
images/dark/john_honey/medium/D/dark_john_honey_medium_D_4.jpg,4,True,True,100321038,"[1.0, 2.0, 2.0, 2.23606797749979]"
images/dark/john_honey/short/A/dark_john_honey_short_A_0.jpg,3,True,False,94238911,"[1.4142135623730951, 2.0, 3.1622776601683795]"
images/dark/john_honey/short/A/dark_john_honey_short_A_1.jpg,3,True,False,93394327,"[0.0, 1.0, 3.605551275463989]"
images/dark/john_honey/short/A/dark_john_honey_short_A_2.jpg,3,True,False,96573109,"[0.0, 1.4142135623730951, 1.4142135623730951]"
images/dark/john_honey/short/A/dark_john_honey_short_A_3.jpg,2,True,False,96973547,"[2.0, 3.0]"
images/dark/john_honey/short/A/dark_john_honey_short_A_4.jpg,5,True,False,95141212,"[1.0, 1.4142135623730951, 1.4142135623730951, 2.23606797749979, 513.3078998028376]"
images/dark/john_honey/short/B/dark_john_honey_short_B_0.jpg,6,True,False,92837587,"[0.0, 1.0, 1.4142135623730951, 2.23606797749979, 465.4556906946138, 499.1242330322181]"
images/dark/john_honey/short/B/dark_john_honey_short_B_1.jpg,4,True,True,89825564,"[1.4142135623730951, 1.4142135623730951, 2.23606797749979, 2.23606797749979]"
images/dark/john_honey/short/B/dark_john_honey_short_B_2.jpg,5,False,False,93472986,"[1.0, 2.23606797749979, 2.23606797749979, 12.206555615733702, 302.82833420933383]"
images/dark/john_honey/short/B/dark_john_honey_short_B_3.jpg,4,False,False,97622809,"[1.0, 1.4142135623730951, 2.23606797749979, 17.69180601295413]"
images/dark/john_honey/short/B/dark_john_honey_short_B_4.jpg,5,True,False,93845734,"[1.0, 1.0, 1.0, 1.4142135623730951, 296.40006747637557]"
images/dark/john_honey/short/C/dark_john_honey_short_C_0.jpg,4,True,True,89913798,"[1.0, 1.4142135623730951, 1.4142135623730951, 2.23606797749979]"
images/dark/john_honey/short/C/dark_john_honey_short_C_1.jpg,5,True,False,100650585,"[0.0, 0.0, 1.0, 1.0, 461.5127300519456]"
images/dark/john_honey/short/C/dark_john_honey_short_C_2.jpg,5,True,False,91836345,"[0.0, 1.4142135623730951, 1.4142135623730951, 2.23606797749979, 459.9413006025878]"
images/dark/john_honey/short/C/dark_john_honey_short_C_3.jpg,4,True,True,101547826,"[1.4142135623730951, 1.4142135623730951, 2.23606797749979, 2.23606797749979]"
images/dark/john_honey/short/C/dark_john_honey_short_C_4.jpg,5,True,False,99428155,"[1.0, 2.0, 2.8284271247461903, 4.0, 412.95036021294374]"
images/dark/john_honey/short/D/dark_john_honey_short_D_0.jpg,4,True,True,101746950,"[0.0, 1.0, 2.0, 2.8284271247461903]"
images/dark/john_honey/short/D/dark_john_honey_short_D_1.jpg,2,False,False,107098631,"[1.0, 6.708203932499369]"
images/dark/john_honey/short/D/dark_john_honey_short_D_2.jpg,5,True,False,101761040,"[0.0, 2.0, 2.23606797749979, 3.1622776601683795, 77.10382610480494]"
images/dark/john_honey/short/D/dark_john_honey_short_D_3.jpg,4,True,True,103043402,"[1.0, 2.0, 2.0, 2.8284271247461903]"
images/dark/john_honey/short/D/dark_john_honey_short_D_4.jpg,4,True,True,97690820,"[1.0, 1.4142135623730951, 2.8284271247461903, 4.47213595499958]"
images/dark/michaels/high/A/dark_michaels_high_A_0.jpg,4,True,True,94441607,"[1.0, 1.0, 1.4142135623730951, 3.1622776601683795]"
images/dark/michaels/high/A/dark_michaels_high_A_1.jpg,5,True,False,89515319,"[0.0, 2.0, 2.23606797749979, 2.23606797749979, 903.4937741899498]"
images/dark/michaels/high/A/dark_michaels_high_A_2.jpg,4,True,True,85250725,"[0.0, 1.0, 1.4142135623730951, 2.0]"
images/dark/michaels/high/A/dark_michaels_high_A_3.jpg,4,True,True,85793051,"[1.0, 1.4142135623730951, 2.0, 2.0]"
images/dark/michaels/high/A/dark_michaels_high_A_4.jpg,4,True,True,83135890,"[1.0, 1.4142135623730951, 1.4142135623730951, 1.4142135623730951]"
images/dark/michaels/high/B/dark_michaels_high_B_0.jpg,5,True,False,88823167,"[1.0, 1.0, 1.4142135623730951, 3.1622776601683795, 407.265269818088]"
images/dark/michaels/high/B/dark_michaels_high_B_1.jpg,4,True,True,90282369,"[0.0, 1.0, 1.0, 2.23606797749979]"
images/dark/michaels/high/B/dark_michaels_high_B_2.jpg,5,True,False,88710915,"[1.0, 2.0, 2.0, 2.23606797749979, 562.5548862111145]"
images/dark/michaels/high/B/dark_michaels_high_B_3.jpg,5,True,False,89766965,"[1.0, 1.0, 2.23606797749979, 3.1622776601683795, 532.9784235782909]"
images/dark/michaels/high/B/dark_michaels_high_B_4.jpg,4,True,True,84794731,"[0.0, 1.4142135623730951, 2.0, 2.23606797749979]"
images/dark/michaels/high/C/dark_michaels_high_C_0.jpg,5,True,False,85927814,"[0.0, 1.0, 1.0, 3.0, 394.0279177926356]"
images/dark/michaels/high/C/dark_michaels_high_C_1.jpg,4,True,True,88768281,"[1.0, 1.4142135623730951, 2.23606797749979, 2.23606797749979]"
images/dark/michaels/high/C/dark_michaels_high_C_2.jpg,5,True,False,82369523,"[1.0, 1.4142135623730951, 2.0, 2.23606797749979, 692.6651427638033]"
images/dark/michaels/high/C/dark_michaels_high_C_3.jpg,4,True,True,89565115,"[1.0, 1.0, 1.4142135623730951, 2.0]"
images/dark/michaels/high/C/dark_michaels_high_C_4.jpg,4,True,True,85988210,"[0.0, 1.4142135623730951, 2.0, 2.0]"
images/dark/michaels/high/D/dark_michaels_high_D_0.jpg,3,True,False,92264578,"[1.4142135623730951, 2.0, 3.1622776601683795]"
images/dark/michaels/high/D/dark_michaels_high_D_1.jpg,3,True,False,95966569,"[1.0, 1.4142135623730951, 2.0]"
images/dark/michaels/high/D/dark_michaels_high_D_2.jpg,1,True,False,90824526,[3.0]
images/dark/michaels/high/D/dark_michaels_high_D_3.jpg,2,True,False,93629327,"[2.0, 2.8284271247461903]"
images/dark/michaels/high/D/dark_michaels_high_D_4.jpg,2,True,False,83485053,"[1.4142135623730951, 1.4142135623730951]"
images/dark/michaels/medium/A/dark_michaels_medium_A_0.jpg,4,True,True,90816454,"[0.0, 1.0, 1.4142135623730951, 1.4142135623730951]"
images/dark/michaels/medium/A/dark_michaels_medium_A_1.jpg,1,True,False,98607093,[1.4142135623730951]
images/dark/michaels/medium/A/dark_michaels_medium_A_2.jpg,4,True,True,91583441,"[1.0, 2.0, 3.0, 3.1622776601683795]"
images/dark/michaels/medium/A/dark_michaels_medium_A_3.jpg,4,True,True,97840884,"[0.0, 2.23606797749979, 2.23606797749979, 2.23606797749979]"
images/dark/michaels/medium/A/dark_michaels_medium_A_4.jpg,4,True,True,85108630,"[1.4142135623730951, 2.23606797749979, 2.23606797749979, 3.1622776601683795]"
images/dark/michaels/medium/B/dark_michaels_medium_B_0.jpg,3,True,False,97138669,"[1.4142135623730951, 2.0, 2.23606797749979]"
images/dark/michaels/medium/B/dark_michaels_medium_B_1.jpg,3,True,False,93592649,"[0.0, 1.0, 2.0]"
images/dark/michaels/medium/B/dark_michaels_medium_B_2.jpg,4,False,False,93031308,"[1.4142135623730951, 2.8284271247461903, 2.8284271247461903, 5.0]"
images/dark/michaels/medium/B/dark_michaels_medium_B_3.jpg,4,True,True,94089419,"[1.0, 2.23606797749979, 3.1622776601683795, 3.1622776601683795]"
images/dark/michaels/medium/B/dark_michaels_medium_B_4.jpg,4,True,True,91029389,"[1.4142135623730951, 1.4142135623730951, 2.0, 2.23606797749979]"
images/dark/michaels/medium/C/dark_michaels_medium_C_0.jpg,4,True,True,89205360,"[1.0, 1.0, 1.0, 2.0]"
images/dark/michaels/medium/C/dark_michaels_medium_C_1.jpg,4,True,True,96483280,"[0.0, 1.0, 2.0, 2.0]"
images/dark/michaels/medium/C/dark_michaels_medium_C_2.jpg,4,True,True,100571697,"[0.0, 1.0, 1.4142135623730951, 2.23606797749979]"
images/dark/michaels/medium/C/dark_michaels_medium_C_3.jpg,3,True,False,99441527,"[1.0, 1.4142135623730951, 1.4142135623730951]"
images/dark/michaels/medium/C/dark_michaels_medium_C_4.jpg,3,True,False,88360916,"[1.0, 1.4142135623730951, 2.0]"
images/dark/michaels/medium/D/dark_michaels_medium_D_0.jpg,1,True,False,93255356,[2.0]
images/dark/michaels/medium/D/dark_michaels_medium_D_1.jpg,4,False,False,87862034,"[1.0, 1.4142135623730951, 6.4031242374328485, 333.8562564937192]"
images/dark/michaels/medium/D/dark_michaels_medium_D_2.jpg,4,False,False,89955515,"[1.4142135623730951, 2.0, 2.23606797749979, 423.38752933925673]"
images/dark/michaels/medium/D/dark_michaels_medium_D_3.jpg,3,True,False,93893253,"[1.0, 1.4142135623730951, 4.242640687119285]"
images/dark/michaels/medium/D/dark_michaels_medium_D_4.jpg,4,True,True,87556469,"[0.0, 1.0, 2.0, 2.23606797749979]"
images/dark/michaels/short/A/dark_michaels_short_A_0.jpg,5,True,False,93476856,"[0.0, 1.0, 1.0, 2.8284271247461903, 279.00716836669267]"
images/dark/michaels/short/A/dark_michaels_short_A_1.jpg,4,True,True,89421579,"[1.0, 1.4142135623730951, 1.4142135623730951, 2.0]"
images/dark/michaels/short/A/dark_michaels_short_A_2.jpg,4,True,True,87713726,"[1.0, 1.0, 2.0, 2.0]"
images/dark/michaels/short/A/dark_michaels_short_A_3.jpg,4,True,True,91433600,"[1.0, 1.4142135623730951, 3.1622776601683795, 3.1622776601683795]"
images/dark/michaels/short/A/dark_michaels_short_A_4.jpg,4,True,True,90292168,"[1.4142135623730951, 1.4142135623730951, 2.8284271247461903, 2.8284271247461903]"
images/dark/michaels/short/B/dark_michaels_short_B_0.jpg,4,True,True,91302115,"[1.0, 2.23606797749979, 3.1622776601683795, 3.605551275463989]"
images/dark/michaels/short/B/dark_michaels_short_B_1.jpg,4,True,True,91054328,"[1.4142135623730951, 2.0, 2.23606797749979, 3.1622776601683795]"
images/dark/michaels/short/B/dark_michaels_short_B_2.jpg,5,True,False,94705215,"[1.4142135623730951, 1.4142135623730951, 1.4142135623730951, 1.4142135623730951, 175.36248173426378]"
images/dark/michaels/short/B/dark_michaels_short_B_3.jpg,4,True,True,91554459,"[0.0, 1.0, 1.4142135623730951, 3.0]"
images/dark/michaels/short/B/dark_michaels_short_B_4.jpg,4,True,True,88255522,"[0.0, 1.4142135623730951, 2.0, 2.23606797749979]"
images/dark/michaels/short/C/dark_michaels_short_C_0.jpg,4,True,True,88642764,"[1.4142135623730951, 2.0, 3.0, 3.0]"
images/dark/michaels/short/C/dark_michaels_short_C_1.jpg,4,True,True,82172452,"[1.0, 2.23606797749979, 2.8284271247461903, 3.0]"
images/dark/michaels/short/C/dark_michaels_short_C_2.jpg,4,True,True,87344110,"[0.0, 1.0, 2.0, 2.23606797749979]"
images/dark/michaels/short/C/dark_michaels_short_C_3.jpg,4,True,True,96138381,"[1.0, 1.0, 1.4142135623730951, 2.23606797749979]"
images/dark/michaels/short/C/dark_michaels_short_C_4.jpg,4,True,True,89969032,"[0.0, 1.0, 1.0, 1.0]"
images/dark/michaels/short/D/dark_michaels_short_D_0.jpg,4,True,True,87573093,"[1.0, 1.0, 1.4142135623730951, 1.4142135623730951]"
images/dark/michaels/short/D/dark_michaels_short_D_1.jpg,4,False,False,89572201,"[1.4142135623730951, 3.1622776601683795, 3.1622776601683795, 13.45362404707371]"
images/dark/michaels/short/D/dark_michaels_short_D_2.jpg,2,True,False,88268244,"[1.4142135623730951, 2.0]"
images/dark/michaels/short/D/dark_michaels_short_D_3.jpg,4,True,True,88179606,"[2.0, 2.0, 2.23606797749979, 3.1622776601683795]"
images/dark/michaels/short/D/dark_michaels_short_D_4.jpg,3,True,False,79933422,"[1.4142135623730951, 2.23606797749979, 2.23606797749979]"
