,0,1,2,3,4
images/custom/davids/high/A/custom_davids_high_A_0.jpg,3,True,False,24396732,"[0.0, 1.0, 1.0]"
images/custom/davids/high/A/custom_davids_high_A_1.jpg,2,True,False,29671010,"[1.0, 1.0]"
images/custom/davids/high/A/custom_davids_high_A_2.jpg,4,True,True,23098050,"[0.0, 1.0, 1.4142135623730951, 1.4142135623730951]"
images/custom/davids/high/A/custom_davids_high_A_3.jpg,2,True,False,34526919,"[1.0, 1.0]"
images/custom/davids/high/A/custom_davids_high_A_4.jpg,4,True,True,26412544,"[1.0, 1.0, 1.4142135623730951, 2.0]"
images/custom/davids/high/B/custom_davids_high_B_0.jpg,4,True,True,27030026,"[1.0, 1.0, 1.4142135623730951, 2.23606797749979]"
images/custom/davids/high/B/custom_davids_high_B_1.jpg,4,True,True,32346652,"[0.0, 1.0, 1.4142135623730951, 2.23606797749979]"
images/custom/davids/high/B/custom_davids_high_B_2.jpg,2,True,False,32071956,"[1.0, 1.0]"
images/custom/davids/high/B/custom_davids_high_B_3.jpg,2,True,False,30404865,"[1.0, 1.4142135623730951]"
images/custom/davids/high/B/custom_davids_high_B_4.jpg,2,True,False,22905323,"[1.0, 2.23606797749979]"
images/custom/davids/high/C/custom_davids_high_C_0.jpg,2,True,False,27102094,"[0.0, 1.4142135623730951]"
images/custom/davids/high/C/custom_davids_high_C_1.jpg,1,True,False,29382843,[1.0]
images/custom/davids/high/C/custom_davids_high_C_2.jpg,3,True,False,29746917,"[0.0, 0.0, 1.0]"
images/custom/davids/high/C/custom_davids_high_C_3.jpg,3,True,False,25352579,"[1.0, 1.0, 1.0]"
images/custom/davids/high/C/custom_davids_high_C_4.jpg,3,True,False,25536170,"[1.4142135623730951, 2.0, 2.23606797749979]"
images/custom/davids/high/D/custom_davids_high_D_0.jpg,4,True,True,29073850,"[1.4142135623730951, 1.4142135623730951, 1.4142135623730951, 2.23606797749979]"
images/custom/davids/high/D/custom_davids_high_D_1.jpg,4,True,True,32497003,"[0.0, 1.0, 1.0, 1.4142135623730951]"
images/custom/davids/high/D/custom_davids_high_D_2.jpg,1,True,False,36941386,[1.0]
images/custom/davids/high/D/custom_davids_high_D_3.jpg,3,True,False,29348890,"[0.0, 1.0, 1.4142135623730951]"
images/custom/davids/high/D/custom_davids_high_D_4.jpg,2,True,False,25625684,"[1.0, 2.23606797749979]"
images/custom/davids/medium/A/custom_davids_medium_A_0.jpg,4,True,True,33311569,"[1.0, 1.0, 1.0, 1.0]"
images/custom/davids/medium/A/custom_davids_medium_A_1.jpg,4,True,True,30453420,"[1.0, 2.0, 2.0, 2.23606797749979]"
images/custom/davids/medium/A/custom_davids_medium_A_2.jpg,3,True,False,27924388,"[1.4142135623730951, 1.4142135623730951, 2.23606797749979]"
images/custom/davids/medium/A/custom_davids_medium_A_3.jpg,1,True,False,29046374,[1.4142135623730951]
images/custom/davids/medium/A/custom_davids_medium_A_4.jpg,3,True,False,26962394,"[1.0, 1.4142135623730951, 2.8284271247461903]"
images/custom/davids/medium/B/custom_davids_medium_B_0.jpg,3,True,False,34514075,"[0.0, 1.0, 1.4142135623730951]"
images/custom/davids/medium/B/custom_davids_medium_B_1.jpg,3,True,False,33273560,"[0.0, 0.0, 1.4142135623730951]"
images/custom/davids/medium/B/custom_davids_medium_B_2.jpg,3,True,False,28775034,"[0.0, 1.0, 1.4142135623730951]"
images/custom/davids/medium/B/custom_davids_medium_B_3.jpg,1,True,False,29754187,[0.0]
images/custom/davids/medium/B/custom_davids_medium_B_4.jpg,3,True,False,34040253,"[1.0, 1.0, 1.0]"
images/custom/davids/medium/C/custom_davids_medium_C_0.jpg,2,True,False,33106984,"[1.0, 1.4142135623730951]"
images/custom/davids/medium/C/custom_davids_medium_C_1.jpg,1,True,False,32469140,[1.0]
images/custom/davids/medium/C/custom_davids_medium_C_2.jpg,2,True,False,32564919,"[0.0, 1.0]"
images/custom/davids/medium/C/custom_davids_medium_C_3.jpg,0,True,False,25759041,[]
images/custom/davids/medium/C/custom_davids_medium_C_4.jpg,2,True,False,29736403,"[1.4142135623730951, 1.4142135623730951]"
images/custom/davids/medium/D/custom_davids_medium_D_0.jpg,2,True,False,26669686,"[1.4142135623730951, 1.4142135623730951]"
images/custom/davids/medium/D/custom_davids_medium_D_1.jpg,3,True,False,29651318,"[1.0, 1.0, 2.23606797749979]"
images/custom/davids/medium/D/custom_davids_medium_D_2.jpg,2,True,False,29494764,"[1.0, 3.0]"
images/custom/davids/medium/D/custom_davids_medium_D_3.jpg,1,True,False,31904872,[1.0]
images/custom/davids/medium/D/custom_davids_medium_D_4.jpg,4,True,True,29881421,"[0.0, 1.0, 1.0, 1.0]"
images/custom/davids/short/A/custom_davids_short_A_0.jpg,2,True,False,31501451,"[1.0, 1.4142135623730951]"
images/custom/davids/short/A/custom_davids_short_A_1.jpg,2,True,False,26571321,"[1.0, 1.4142135623730951]"
images/custom/davids/short/A/custom_davids_short_A_2.jpg,2,True,False,28137742,"[1.0, 3.1622776601683795]"
images/custom/davids/short/A/custom_davids_short_A_3.jpg,1,True,False,23497705,[0.0]
images/custom/davids/short/A/custom_davids_short_A_4.jpg,1,True,False,28517551,[2.8284271247461903]
images/custom/davids/short/B/custom_davids_short_B_0.jpg,4,False,False,29954132,"[1.0, 286.6810073932349, 303.29523570277195, 334.43235489408016]"
images/custom/davids/short/B/custom_davids_short_B_1.jpg,1,True,False,29045506,[1.0]
images/custom/davids/short/B/custom_davids_short_B_2.jpg,0,True,False,25930337,[]
images/custom/davids/short/B/custom_davids_short_B_3.jpg,1,True,False,29544903,[1.0]
images/custom/davids/short/B/custom_davids_short_B_4.jpg,3,True,False,24380665,"[0.0, 1.0, 2.23606797749979]"
images/custom/davids/short/C/custom_davids_short_C_0.jpg,2,True,False,36104037,"[1.4142135623730951, 2.0]"
images/custom/davids/short/C/custom_davids_short_C_1.jpg,1,True,False,29056128,[0.0]
images/custom/davids/short/C/custom_davids_short_C_2.jpg,6,False,False,28351298,"[1.0, 2.0, 2.0, 257.8003103178893, 288.334874755032, 315.3696244092002]"
images/custom/davids/short/C/custom_davids_short_C_3.jpg,2,True,False,30021768,"[1.0, 2.23606797749979]"
images/custom/davids/short/C/custom_davids_short_C_4.jpg,0,True,False,29765926,[]
images/custom/davids/short/D/custom_davids_short_D_0.jpg,2,True,False,27611512,"[0.0, 1.4142135623730951]"
images/custom/davids/short/D/custom_davids_short_D_1.jpg,2,True,False,29730965,"[0.0, 1.0]"
images/custom/davids/short/D/custom_davids_short_D_2.jpg,3,True,False,26135907,"[0.0, 0.0, 0.0]"
images/custom/davids/short/D/custom_davids_short_D_3.jpg,4,False,False,27240053,"[337.8579583197649, 339.3287491504367, 350.6023388398885, 398.5774705123209]"
images/custom/davids/short/D/custom_davids_short_D_4.jpg,2,True,False,25253417,"[1.0, 1.0]"
images/custom/jack_cole/high/A/custom_jack_cole_high_A_0.jpg,2,True,False,17778341,"[1.0, 1.4142135623730951]"
images/custom/jack_cole/high/A/custom_jack_cole_high_A_1.jpg,3,True,False,18122083,"[0.0, 1.0, 1.0]"
images/custom/jack_cole/high/A/custom_jack_cole_high_A_2.jpg,4,True,True,16842153,"[1.4142135623730951, 1.4142135623730951, 2.0, 2.23606797749979]"
images/custom/jack_cole/high/A/custom_jack_cole_high_A_3.jpg,3,True,False,18195951,"[1.0, 1.0, 1.4142135623730951]"
images/custom/jack_cole/high/A/custom_jack_cole_high_A_4.jpg,4,True,True,17059600,"[0.0, 1.0, 2.0, 2.23606797749979]"
images/custom/jack_cole/high/B/custom_jack_cole_high_B_0.jpg,1,True,False,16576258,[1.0]
images/custom/jack_cole/high/B/custom_jack_cole_high_B_1.jpg,0,True,False,19643840,[]
images/custom/jack_cole/high/B/custom_jack_cole_high_B_2.jpg,4,True,True,21989386,"[1.0, 1.4142135623730951, 2.0, 2.23606797749979]"
images/custom/jack_cole/high/B/custom_jack_cole_high_B_3.jpg,3,True,False,22560392,"[0.0, 1.0, 1.4142135623730951]"
images/custom/jack_cole/high/B/custom_jack_cole_high_B_4.jpg,4,True,True,16310216,"[0.0, 1.0, 1.0, 1.0]"
images/custom/jack_cole/high/C/custom_jack_cole_high_C_0.jpg,2,True,False,19546968,"[2.0, 2.23606797749979]"
images/custom/jack_cole/high/C/custom_jack_cole_high_C_1.jpg,1,True,False,16300551,[1.0]
images/custom/jack_cole/high/C/custom_jack_cole_high_C_2.jpg,1,True,False,23716077,[0.0]
images/custom/jack_cole/high/C/custom_jack_cole_high_C_3.jpg,1,True,False,23998965,[1.0]
images/custom/jack_cole/high/C/custom_jack_cole_high_C_4.jpg,3,True,False,15895089,"[0.0, 1.0, 1.0]"
images/custom/jack_cole/high/D/custom_jack_cole_high_D_0.jpg,3,True,False,19605714,"[1.0, 2.0, 2.23606797749979]"
images/custom/jack_cole/high/D/custom_jack_cole_high_D_1.jpg,2,True,False,18172499,"[1.0, 2.23606797749979]"
images/custom/jack_cole/high/D/custom_jack_cole_high_D_2.jpg,3,True,False,24662589,"[1.4142135623730951, 1.4142135623730951, 2.23606797749979]"
images/custom/jack_cole/high/D/custom_jack_cole_high_D_3.jpg,4,True,True,19260300,"[1.0, 1.4142135623730951, 2.0, 2.23606797749979]"
images/custom/jack_cole/high/D/custom_jack_cole_high_D_4.jpg,3,True,False,14884964,"[1.0, 1.0, 2.0]"
images/custom/jack_cole/medium/A/custom_jack_cole_medium_A_0.jpg,2,True,False,18355523,"[1.0, 1.0]"
images/custom/jack_cole/medium/A/custom_jack_cole_medium_A_1.jpg,2,True,False,18906787,"[1.0, 2.23606797749979]"
images/custom/jack_cole/medium/A/custom_jack_cole_medium_A_2.jpg,2,True,False,19246943,"[1.0, 1.0]"
images/custom/jack_cole/medium/A/custom_jack_cole_medium_A_3.jpg,3,True,False,16897121,"[0.0, 0.0, 1.4142135623730951]"
images/custom/jack_cole/medium/A/custom_jack_cole_medium_A_4.jpg,1,True,False,14980582,[2.23606797749979]
images/custom/jack_cole/medium/B/custom_jack_cole_medium_B_0.jpg,1,True,False,16343489,[1.4142135623730951]
images/custom/jack_cole/medium/B/custom_jack_cole_medium_B_1.jpg,1,True,False,18130634,[0.0]
images/custom/jack_cole/medium/B/custom_jack_cole_medium_B_2.jpg,2,True,False,17274364,"[1.0, 2.0]"
images/custom/jack_cole/medium/B/custom_jack_cole_medium_B_3.jpg,4,True,True,20168211,"[2.23606797749979, 2.23606797749979, 2.23606797749979, 3.0]"
images/custom/jack_cole/medium/B/custom_jack_cole_medium_B_4.jpg,3,True,False,14951274,"[1.0, 2.23606797749979, 3.1622776601683795]"
images/custom/jack_cole/medium/C/custom_jack_cole_medium_C_0.jpg,3,True,False,17523854,"[1.0, 1.4142135623730951, 2.8284271247461903]"
images/custom/jack_cole/medium/C/custom_jack_cole_medium_C_1.jpg,1,True,False,17895132,[3.0]
images/custom/jack_cole/medium/C/custom_jack_cole_medium_C_2.jpg,1,True,False,21390902,[1.0]
images/custom/jack_cole/medium/C/custom_jack_cole_medium_C_3.jpg,3,True,False,18470257,"[2.0, 2.23606797749979, 2.23606797749979]"
images/custom/jack_cole/medium/C/custom_jack_cole_medium_C_4.jpg,2,True,False,16095144,"[2.23606797749979, 2.8284271247461903]"
images/custom/jack_cole/medium/D/custom_jack_cole_medium_D_0.jpg,1,True,False,18408264,[3.0]
images/custom/jack_cole/medium/D/custom_jack_cole_medium_D_1.jpg,2,True,False,20960427,"[0.0, 1.0]"
images/custom/jack_cole/medium/D/custom_jack_cole_medium_D_2.jpg,2,True,False,18640938,"[1.0, 2.0]"
images/custom/jack_cole/medium/D/custom_jack_cole_medium_D_3.jpg,3,True,False,19398338,"[1.4142135623730951, 1.4142135623730951, 2.23606797749979]"
images/custom/jack_cole/medium/D/custom_jack_cole_medium_D_4.jpg,4,True,True,15907252,"[1.0, 1.4142135623730951, 1.4142135623730951, 2.23606797749979]"
images/custom/jack_cole/short/A/custom_jack_cole_short_A_0.jpg,2,True,False,17575686,"[2.23606797749979, 3.605551275463989]"
images/custom/jack_cole/short/A/custom_jack_cole_short_A_1.jpg,2,True,False,19794797,"[2.0, 3.0]"
images/custom/jack_cole/short/A/custom_jack_cole_short_A_2.jpg,1,True,False,19449863,[1.4142135623730951]
images/custom/jack_cole/short/A/custom_jack_cole_short_A_3.jpg,4,True,True,22811598,"[1.4142135623730951, 1.4142135623730951, 2.8284271247461903, 3.1622776601683795]"
images/custom/jack_cole/short/A/custom_jack_cole_short_A_4.jpg,2,True,False,16873363,"[2.23606797749979, 3.605551275463989]"
images/custom/jack_cole/short/B/custom_jack_cole_short_B_0.jpg,3,True,False,18471729,"[1.0, 2.0, 2.23606797749979]"
images/custom/jack_cole/short/B/custom_jack_cole_short_B_1.jpg,2,True,False,21512275,"[1.0, 1.0]"
images/custom/jack_cole/short/B/custom_jack_cole_short_B_2.jpg,2,True,False,19643550,"[1.0, 2.0]"
images/custom/jack_cole/short/B/custom_jack_cole_short_B_3.jpg,2,True,False,20812811,"[1.0, 2.0]"
images/custom/jack_cole/short/B/custom_jack_cole_short_B_4.jpg,3,True,False,17486737,"[0.0, 1.0, 1.4142135623730951]"
images/custom/jack_cole/short/C/custom_jack_cole_short_C_0.jpg,2,True,False,16641022,"[1.0, 2.23606797749979]"
images/custom/jack_cole/short/C/custom_jack_cole_short_C_1.jpg,1,True,False,18884186,[3.0]
images/custom/jack_cole/short/C/custom_jack_cole_short_C_2.jpg,0,True,False,20283519,[]
images/custom/jack_cole/short/C/custom_jack_cole_short_C_3.jpg,1,True,False,17488336,[2.23606797749979]
images/custom/jack_cole/short/C/custom_jack_cole_short_C_4.jpg,2,True,False,17328548,"[1.0, 3.0]"
images/custom/jack_cole/short/D/custom_jack_cole_short_D_0.jpg,3,True,False,18274441,"[1.4142135623730951, 2.0, 2.23606797749979]"
images/custom/jack_cole/short/D/custom_jack_cole_short_D_1.jpg,4,True,True,18914691,"[0.0, 1.4142135623730951, 2.0, 2.23606797749979]"
images/custom/jack_cole/short/D/custom_jack_cole_short_D_2.jpg,1,True,False,18743930,[1.4142135623730951]
images/custom/jack_cole/short/D/custom_jack_cole_short_D_3.jpg,2,True,False,19622419,"[2.23606797749979, 3.1622776601683795]"
images/custom/jack_cole/short/D/custom_jack_cole_short_D_4.jpg,2,True,False,16028608,"[2.23606797749979, 2.8284271247461903]"
images/custom/john_honey/high/A/custom_john_honey_high_A_0.jpg,1,True,False,31085425,[2.23606797749979]
images/custom/john_honey/high/A/custom_john_honey_high_A_1.jpg,3,True,False,30810767,"[1.4142135623730951, 1.4142135623730951, 1.4142135623730951]"
images/custom/john_honey/high/A/custom_john_honey_high_A_2.jpg,2,True,False,31642936,"[1.4142135623730951, 1.4142135623730951]"
images/custom/john_honey/high/A/custom_john_honey_high_A_3.jpg,4,True,True,28897102,"[0.0, 1.0, 2.23606797749979, 2.8284271247461903]"
images/custom/john_honey/high/A/custom_john_honey_high_A_4.jpg,1,True,False,27490250,[1.0]
images/custom/john_honey/high/B/custom_john_honey_high_B_0.jpg,3,True,False,28271101,"[1.0, 1.0, 2.0]"
images/custom/john_honey/high/B/custom_john_honey_high_B_1.jpg,3,True,False,26009215,"[0.0, 1.4142135623730951, 1.4142135623730951]"
images/custom/john_honey/high/B/custom_john_honey_high_B_2.jpg,1,True,False,24356890,[2.23606797749979]
images/custom/john_honey/high/B/custom_john_honey_high_B_3.jpg,4,True,True,26823058,"[0.0, 1.4142135623730951, 2.0, 3.0]"
images/custom/john_honey/high/B/custom_john_honey_high_B_4.jpg,3,True,False,22344224,"[1.0, 1.0, 1.4142135623730951]"
images/custom/john_honey/high/C/custom_john_honey_high_C_0.jpg,1,True,False,24605136,[1.4142135623730951]
images/custom/john_honey/high/C/custom_john_honey_high_C_1.jpg,1,True,False,25605182,[2.23606797749979]
images/custom/john_honey/high/C/custom_john_honey_high_C_2.jpg,2,True,False,23250915,"[0.0, 2.0]"
images/custom/john_honey/high/C/custom_john_honey_high_C_3.jpg,2,True,False,43910008,"[1.0, 1.0]"
images/custom/john_honey/high/C/custom_john_honey_high_C_4.jpg,2,True,False,23071087,"[1.0, 1.4142135623730951]"
images/custom/john_honey/high/D/custom_john_honey_high_D_0.jpg,3,True,False,24834911,"[1.0, 1.4142135623730951, 1.4142135623730951]"
images/custom/john_honey/high/D/custom_john_honey_high_D_1.jpg,1,True,False,30227362,[2.23606797749979]
images/custom/john_honey/high/D/custom_john_honey_high_D_2.jpg,3,True,False,31364864,"[1.0, 2.0, 2.23606797749979]"
images/custom/john_honey/high/D/custom_john_honey_high_D_3.jpg,1,True,False,31457550,[1.4142135623730951]
images/custom/john_honey/high/D/custom_john_honey_high_D_4.jpg,3,True,False,27748079,"[1.0, 1.0, 2.23606797749979]"
images/custom/john_honey/medium/A/custom_john_honey_medium_A_0.jpg,3,True,False,24356237,"[0.0, 1.0, 1.4142135623730951]"
images/custom/john_honey/medium/A/custom_john_honey_medium_A_1.jpg,3,True,False,22507699,"[0.0, 1.0, 1.4142135623730951]"
images/custom/john_honey/medium/A/custom_john_honey_medium_A_2.jpg,3,True,False,24438020,"[0.0, 1.0, 1.4142135623730951]"
images/custom/john_honey/medium/A/custom_john_honey_medium_A_3.jpg,2,True,False,19419417,"[1.0, 2.0]"
images/custom/john_honey/medium/A/custom_john_honey_medium_A_4.jpg,2,True,False,20699429,"[1.0, 1.4142135623730951]"
images/custom/john_honey/medium/B/custom_john_honey_medium_B_0.jpg,3,True,False,24986467,"[1.0, 1.0, 1.4142135623730951]"
images/custom/john_honey/medium/B/custom_john_honey_medium_B_1.jpg,2,True,False,24359537,"[1.0, 2.23606797749979]"
images/custom/john_honey/medium/B/custom_john_honey_medium_B_2.jpg,2,True,False,19442514,"[0.0, 2.23606797749979]"
images/custom/john_honey/medium/B/custom_john_honey_medium_B_3.jpg,1,True,False,23067528,[0.0]
images/custom/john_honey/medium/B/custom_john_honey_medium_B_4.jpg,0,True,False,23162657,[]
images/custom/john_honey/medium/C/custom_john_honey_medium_C_0.jpg,1,True,False,21401253,[1.4142135623730951]
images/custom/john_honey/medium/C/custom_john_honey_medium_C_1.jpg,2,True,False,21225536,"[1.4142135623730951, 1.4142135623730951]"
images/custom/john_honey/medium/C/custom_john_honey_medium_C_2.jpg,3,True,False,24624731,"[1.0, 1.4142135623730951, 2.0]"
images/custom/john_honey/medium/C/custom_john_honey_medium_C_3.jpg,3,True,False,22348211,"[1.0, 1.4142135623730951, 2.23606797749979]"
images/custom/john_honey/medium/C/custom_john_honey_medium_C_4.jpg,3,True,False,21617891,"[1.0, 1.0, 1.0]"
images/custom/john_honey/medium/D/custom_john_honey_medium_D_0.jpg,2,True,False,21310486,"[0.0, 1.4142135623730951]"
images/custom/john_honey/medium/D/custom_john_honey_medium_D_1.jpg,2,True,False,23504546,"[1.0, 2.23606797749979]"
images/custom/john_honey/medium/D/custom_john_honey_medium_D_2.jpg,1,True,False,21889049,[1.4142135623730951]
images/custom/john_honey/medium/D/custom_john_honey_medium_D_3.jpg,2,True,False,23182805,"[0.0, 2.23606797749979]"
images/custom/john_honey/medium/D/custom_john_honey_medium_D_4.jpg,2,True,False,21040514,"[1.0, 1.4142135623730951]"
images/custom/john_honey/short/A/custom_john_honey_short_A_0.jpg,1,True,False,21304223,[1.4142135623730951]
images/custom/john_honey/short/A/custom_john_honey_short_A_1.jpg,2,True,False,20129371,"[1.0, 3.0]"
images/custom/john_honey/short/A/custom_john_honey_short_A_2.jpg,3,True,False,22129901,"[1.0, 1.4142135623730951, 2.0]"
images/custom/john_honey/short/A/custom_john_honey_short_A_3.jpg,1,True,False,25701273,[2.0]
images/custom/john_honey/short/A/custom_john_honey_short_A_4.jpg,4,True,True,23512505,"[0.0, 1.4142135623730951, 2.23606797749979, 2.23606797749979]"
images/custom/john_honey/short/B/custom_john_honey_short_B_0.jpg,3,True,False,25917586,"[1.0, 1.0, 2.23606797749979]"
images/custom/john_honey/short/B/custom_john_honey_short_B_1.jpg,4,True,True,22511594,"[1.0, 2.0, 2.23606797749979, 3.0]"
images/custom/john_honey/short/B/custom_john_honey_short_B_2.jpg,1,True,False,18673484,[1.0]
images/custom/john_honey/short/B/custom_john_honey_short_B_3.jpg,1,True,False,23063282,[1.0]
images/custom/john_honey/short/B/custom_john_honey_short_B_4.jpg,2,True,False,20894345,"[1.0, 1.4142135623730951]"
images/custom/john_honey/short/C/custom_john_honey_short_C_0.jpg,3,True,False,22737750,"[1.4142135623730951, 1.4142135623730951, 2.0]"
images/custom/john_honey/short/C/custom_john_honey_short_C_1.jpg,1,True,False,22129235,[1.0]
images/custom/john_honey/short/C/custom_john_honey_short_C_2.jpg,1,True,False,21768524,[1.4142135623730951]
images/custom/john_honey/short/C/custom_john_honey_short_C_3.jpg,2,True,False,21093447,"[1.0, 2.0]"
images/custom/john_honey/short/C/custom_john_honey_short_C_4.jpg,3,True,False,20850291,"[0.0, 1.4142135623730951, 1.4142135623730951]"
images/custom/john_honey/short/D/custom_john_honey_short_D_0.jpg,1,True,False,23640534,[0.0]
images/custom/john_honey/short/D/custom_john_honey_short_D_1.jpg,2,True,False,24207957,"[1.0, 1.4142135623730951]"
images/custom/john_honey/short/D/custom_john_honey_short_D_2.jpg,0,True,False,22436676,[]
images/custom/john_honey/short/D/custom_john_honey_short_D_3.jpg,2,True,False,23856118,"[1.4142135623730951, 2.0]"
images/custom/john_honey/short/D/custom_john_honey_short_D_4.jpg,3,True,False,18860947,"[0.0, 1.0, 2.23606797749979]"
images/custom/michaels/high/A/custom_michaels_high_A_0.jpg,2,True,False,29420573,"[0.0, 2.23606797749979]"
images/custom/michaels/high/A/custom_michaels_high_A_1.jpg,3,True,False,31413130,"[1.0, 1.0, 1.4142135623730951]"
images/custom/michaels/high/A/custom_michaels_high_A_2.jpg,2,True,False,26727292,"[1.0, 1.4142135623730951]"
images/custom/michaels/high/A/custom_michaels_high_A_3.jpg,2,True,False,26502787,"[0.0, 1.0]"
images/custom/michaels/high/A/custom_michaels_high_A_4.jpg,2,True,False,24186787,"[0.0, 2.0]"
images/custom/michaels/high/B/custom_michaels_high_B_0.jpg,3,True,False,32884562,"[0.0, 1.0, 2.8284271247461903]"
images/custom/michaels/high/B/custom_michaels_high_B_1.jpg,1,True,False,25385936,[1.4142135623730951]
images/custom/michaels/high/B/custom_michaels_high_B_2.jpg,3,True,False,28839903,"[0.0, 1.0, 1.4142135623730951]"
images/custom/michaels/high/B/custom_michaels_high_B_3.jpg,2,True,False,26770171,"[0.0, 1.0]"
images/custom/michaels/high/B/custom_michaels_high_B_4.jpg,3,True,False,26069431,"[1.0, 1.0, 1.4142135623730951]"
images/custom/michaels/high/C/custom_michaels_high_C_0.jpg,2,True,False,25553783,"[1.4142135623730951, 2.23606797749979]"
images/custom/michaels/high/C/custom_michaels_high_C_1.jpg,1,True,False,25609798,[0.0]
images/custom/michaels/high/C/custom_michaels_high_C_2.jpg,1,True,False,31029130,[0.0]
images/custom/michaels/high/C/custom_michaels_high_C_3.jpg,2,True,False,28921165,"[0.0, 1.4142135623730951]"
images/custom/michaels/high/C/custom_michaels_high_C_4.jpg,3,True,False,25561146,"[1.4142135623730951, 2.0, 2.23606797749979]"
images/custom/michaels/high/D/custom_michaels_high_D_0.jpg,4,True,True,29939888,"[0.0, 0.0, 1.0, 1.4142135623730951]"
images/custom/michaels/high/D/custom_michaels_high_D_1.jpg,3,True,False,29950317,"[1.0, 1.0, 2.23606797749979]"
images/custom/michaels/high/D/custom_michaels_high_D_2.jpg,2,True,False,29423228,"[1.0, 1.4142135623730951]"
images/custom/michaels/high/D/custom_michaels_high_D_3.jpg,3,True,False,29969616,"[1.0, 1.0, 1.4142135623730951]"
images/custom/michaels/high/D/custom_michaels_high_D_4.jpg,4,True,True,30316137,"[1.0, 1.0, 1.4142135623730951, 1.4142135623730951]"
images/custom/michaels/medium/A/custom_michaels_medium_A_0.jpg,2,True,False,27192996,"[1.4142135623730951, 2.23606797749979]"
images/custom/michaels/medium/A/custom_michaels_medium_A_1.jpg,1,True,False,27782341,[0.0]
images/custom/michaels/medium/A/custom_michaels_medium_A_2.jpg,1,True,False,26092493,[1.4142135623730951]
images/custom/michaels/medium/A/custom_michaels_medium_A_3.jpg,2,True,False,29897367,"[1.0, 2.0]"
images/custom/michaels/medium/A/custom_michaels_medium_A_4.jpg,3,True,False,27573761,"[1.0, 1.0, 1.4142135623730951]"
images/custom/michaels/medium/B/custom_michaels_medium_B_0.jpg,2,True,False,28697680,"[1.0, 1.0]"
images/custom/michaels/medium/B/custom_michaels_medium_B_1.jpg,2,True,False,30786926,"[0.0, 0.0]"
images/custom/michaels/medium/B/custom_michaels_medium_B_2.jpg,3,True,False,30735325,"[1.4142135623730951, 2.23606797749979, 2.23606797749979]"
images/custom/michaels/medium/B/custom_michaels_medium_B_3.jpg,2,True,False,41847523,"[0.0, 1.4142135623730951]"
images/custom/michaels/medium/B/custom_michaels_medium_B_4.jpg,2,True,False,28957822,"[1.0, 1.4142135623730951]"
images/custom/michaels/medium/C/custom_michaels_medium_C_0.jpg,1,True,False,27493409,[2.0]
images/custom/michaels/medium/C/custom_michaels_medium_C_1.jpg,2,True,False,35043097,"[1.0, 1.0]"
images/custom/michaels/medium/C/custom_michaels_medium_C_2.jpg,1,True,False,28469553,[2.23606797749979]
images/custom/michaels/medium/C/custom_michaels_medium_C_3.jpg,1,True,False,29287283,[2.0]
images/custom/michaels/medium/C/custom_michaels_medium_C_4.jpg,3,True,False,28114093,"[0.0, 1.0, 1.4142135623730951]"
images/custom/michaels/medium/D/custom_michaels_medium_D_0.jpg,2,True,False,25853514,"[1.0, 1.0]"
images/custom/michaels/medium/D/custom_michaels_medium_D_1.jpg,3,True,False,25927938,"[0.0, 1.4142135623730951, 2.23606797749979]"
images/custom/michaels/medium/D/custom_michaels_medium_D_2.jpg,3,True,False,24663631,"[0.0, 1.0, 1.4142135623730951]"
images/custom/michaels/medium/D/custom_michaels_medium_D_3.jpg,3,True,False,28755547,"[1.0, 1.4142135623730951, 1.4142135623730951]"
images/custom/michaels/medium/D/custom_michaels_medium_D_4.jpg,0,True,False,23592442,[]
images/custom/michaels/short/A/custom_michaels_short_A_0.jpg,2,True,False,24023184,"[1.0, 1.0]"
images/custom/michaels/short/A/custom_michaels_short_A_1.jpg,4,True,True,28243506,"[0.0, 1.0, 1.4142135623730951, 1.4142135623730951]"
images/custom/michaels/short/A/custom_michaels_short_A_2.jpg,3,True,False,33451130,"[0.0, 1.4142135623730951, 2.0]"
images/custom/michaels/short/A/custom_michaels_short_A_3.jpg,2,True,False,27786360,"[2.23606797749979, 2.23606797749979]"
images/custom/michaels/short/A/custom_michaels_short_A_4.jpg,2,True,False,26418732,"[1.0, 2.23606797749979]"
images/custom/michaels/short/B/custom_michaels_short_B_0.jpg,4,True,True,29558823,"[1.0, 1.4142135623730951, 1.4142135623730951, 2.23606797749979]"
images/custom/michaels/short/B/custom_michaels_short_B_1.jpg,2,True,False,27182737,"[1.0, 2.8284271247461903]"
images/custom/michaels/short/B/custom_michaels_short_B_2.jpg,1,True,False,31876090,[1.4142135623730951]
images/custom/michaels/short/B/custom_michaels_short_B_3.jpg,3,True,False,28213830,"[1.4142135623730951, 1.4142135623730951, 2.23606797749979]"
images/custom/michaels/short/B/custom_michaels_short_B_4.jpg,2,True,False,25522990,"[1.4142135623730951, 2.0]"
images/custom/michaels/short/C/custom_michaels_short_C_0.jpg,2,True,False,29903477,"[0.0, 2.0]"
images/custom/michaels/short/C/custom_michaels_short_C_1.jpg,3,True,False,32691676,"[1.0, 1.0, 1.0]"
images/custom/michaels/short/C/custom_michaels_short_C_2.jpg,3,True,False,34295876,"[1.0, 1.0, 2.23606797749979]"
images/custom/michaels/short/C/custom_michaels_short_C_3.jpg,3,True,False,30374342,"[1.4142135623730951, 1.4142135623730951, 2.23606797749979]"
images/custom/michaels/short/C/custom_michaels_short_C_4.jpg,2,True,False,23919248,"[1.0, 2.23606797749979]"
images/custom/michaels/short/D/custom_michaels_short_D_0.jpg,4,True,True,31152103,"[1.4142135623730951, 2.0, 2.0, 2.23606797749979]"
images/custom/michaels/short/D/custom_michaels_short_D_1.jpg,2,True,False,30622484,"[1.0, 1.4142135623730951]"
images/custom/michaels/short/D/custom_michaels_short_D_2.jpg,2,True,False,23873242,"[0.0, 2.23606797749979]"
images/custom/michaels/short/D/custom_michaels_short_D_3.jpg,0,True,False,27901701,[]
images/custom/michaels/short/D/custom_michaels_short_D_4.jpg,1,True,False,24481501,[3.0]
images/dark/davids/high/A/dark_davids_high_A_0.jpg,2,True,False,22401450,"[1.0, 2.23606797749979]"
images/dark/davids/high/A/dark_davids_high_A_1.jpg,2,True,False,22166077,"[1.0, 2.23606797749979]"
images/dark/davids/high/A/dark_davids_high_A_2.jpg,2,True,False,23096127,"[0.0, 1.0]"
images/dark/davids/high/A/dark_davids_high_A_3.jpg,3,True,False,23763937,"[1.0, 2.0, 2.23606797749979]"
images/dark/davids/high/A/dark_davids_high_A_4.jpg,1,True,False,22356085,[1.0]
images/dark/davids/high/B/dark_davids_high_B_0.jpg,3,True,False,24433972,"[1.0, 1.0, 1.4142135623730951]"
images/dark/davids/high/B/dark_davids_high_B_1.jpg,3,True,False,20118601,"[1.0, 2.0, 2.23606797749979]"
images/dark/davids/high/B/dark_davids_high_B_2.jpg,3,True,False,21820351,"[1.0, 1.0, 2.23606797749979]"
images/dark/davids/high/B/dark_davids_high_B_3.jpg,2,True,False,23014209,"[1.0, 2.23606797749979]"
images/dark/davids/high/B/dark_davids_high_B_4.jpg,4,True,True,23601052,"[1.0, 1.4142135623730951, 1.4142135623730951, 1.4142135623730951]"
images/dark/davids/high/C/dark_davids_high_C_0.jpg,2,True,False,25852001,"[0.0, 1.4142135623730951]"
images/dark/davids/high/C/dark_davids_high_C_1.jpg,3,True,False,25059015,"[0.0, 0.0, 2.0]"
images/dark/davids/high/C/dark_davids_high_C_2.jpg,3,True,False,19141971,"[1.0, 1.0, 1.4142135623730951]"
images/dark/davids/high/C/dark_davids_high_C_3.jpg,3,True,False,21987548,"[1.0, 1.0, 1.0]"
images/dark/davids/high/C/dark_davids_high_C_4.jpg,4,True,True,20346797,"[0.0, 0.0, 1.0, 2.0]"
images/dark/davids/high/D/dark_davids_high_D_0.jpg,2,True,False,24573275,"[0.0, 0.0]"
images/dark/davids/high/D/dark_davids_high_D_1.jpg,1,True,False,32278426,[1.0]
images/dark/davids/high/D/dark_davids_high_D_2.jpg,2,True,False,23325694,"[1.0, 1.4142135623730951]"
images/dark/davids/high/D/dark_davids_high_D_3.jpg,2,True,False,23255018,"[1.0, 1.0]"
images/dark/davids/high/D/dark_davids_high_D_4.jpg,3,True,False,23809060,"[1.0, 1.4142135623730951, 1.4142135623730951]"
images/dark/davids/medium/A/dark_davids_medium_A_0.jpg,3,True,False,27621947,"[0.0, 1.0, 2.23606797749979]"
images/dark/davids/medium/A/dark_davids_medium_A_1.jpg,2,True,False,26652994,"[0.0, 1.0]"
images/dark/davids/medium/A/dark_davids_medium_A_2.jpg,3,True,False,28878920,"[1.0, 1.0, 2.0]"
images/dark/davids/medium/A/dark_davids_medium_A_3.jpg,3,True,False,27691764,"[1.0, 1.4142135623730951, 2.23606797749979]"
images/dark/davids/medium/A/dark_davids_medium_A_4.jpg,3,True,False,30232578,"[0.0, 1.4142135623730951, 1.4142135623730951]"
images/dark/davids/medium/B/dark_davids_medium_B_0.jpg,3,True,False,27420913,"[1.0, 1.0, 2.0]"
images/dark/davids/medium/B/dark_davids_medium_B_1.jpg,3,True,False,26687968,"[1.0, 2.0, 2.23606797749979]"
images/dark/davids/medium/B/dark_davids_medium_B_2.jpg,2,True,False,29084199,"[1.4142135623730951, 1.4142135623730951]"
images/dark/davids/medium/B/dark_davids_medium_B_3.jpg,2,True,False,25550128,"[1.4142135623730951, 1.4142135623730951]"
images/dark/davids/medium/B/dark_davids_medium_B_4.jpg,1,True,False,27678998,[2.23606797749979]
images/dark/davids/medium/C/dark_davids_medium_C_0.jpg,3,True,False,29649301,"[1.0, 1.0, 1.0]"
images/dark/davids/medium/C/dark_davids_medium_C_1.jpg,4,True,True,22576388,"[0.0, 1.0, 2.0, 2.23606797749979]"
images/dark/davids/medium/C/dark_davids_medium_C_2.jpg,3,True,False,24818222,"[0.0, 1.0, 2.23606797749979]"
images/dark/davids/medium/C/dark_davids_medium_C_3.jpg,4,True,True,25336193,"[0.0, 0.0, 1.4142135623730951, 1.4142135623730951]"
images/dark/davids/medium/C/dark_davids_medium_C_4.jpg,1,True,False,25442314,[1.4142135623730951]
images/dark/davids/medium/D/dark_davids_medium_D_0.jpg,3,True,False,24811520,"[1.4142135623730951, 1.4142135623730951, 2.23606797749979]"
images/dark/davids/medium/D/dark_davids_medium_D_1.jpg,0,True,False,23761831,[]
images/dark/davids/medium/D/dark_davids_medium_D_2.jpg,3,True,False,25537470,"[1.0, 2.0, 3.1622776601683795]"
images/dark/davids/medium/D/dark_davids_medium_D_3.jpg,1,True,False,31040603,[1.0]
images/dark/davids/medium/D/dark_davids_medium_D_4.jpg,0,True,False,23230305,[]
images/dark/davids/short/A/dark_davids_short_A_0.jpg,1,True,False,27731428,[2.0]
images/dark/davids/short/A/dark_davids_short_A_1.jpg,5,False,False,25429720,"[1.0, 210.304541082688, 230.32585612562042, 276.2607463973121, 285.8950856520622]"
images/dark/davids/short/A/dark_davids_short_A_2.jpg,3,True,False,25297973,"[1.0, 1.4142135623730951, 2.23606797749979]"
images/dark/davids/short/A/dark_davids_short_A_3.jpg,1,True,False,48991556,[4.0]
images/dark/davids/short/A/dark_davids_short_A_4.jpg,1,True,False,28037440,[2.23606797749979]
images/dark/davids/short/B/dark_davids_short_B_0.jpg,1,True,False,28648366,[2.0]
images/dark/davids/short/B/dark_davids_short_B_1.jpg,7,False,False,23516090,"[1.0, 1.4142135623730951, 2.23606797749979, 230.62523712724936, 243.6000821017924, 256.8443108188305, 267.67517628648346]"
images/dark/davids/short/B/dark_davids_short_B_2.jpg,4,True,True,21977816,"[1.0, 1.0, 1.4142135623730951, 2.0]"
images/dark/davids/short/B/dark_davids_short_B_3.jpg,3,True,False,21169632,"[1.4142135623730951, 2.0, 3.0]"
images/dark/davids/short/B/dark_davids_short_B_4.jpg,0,True,False,30813097,[]
images/dark/davids/short/C/dark_davids_short_C_0.jpg,2,True,False,24591188,"[1.0, 1.4142135623730951]"
images/dark/davids/short/C/dark_davids_short_C_1.jpg,0,True,False,22297457,[]
images/dark/davids/short/C/dark_davids_short_C_2.jpg,1,True,False,28066185,[2.23606797749979]
images/dark/davids/short/C/dark_davids_short_C_3.jpg,2,False,False,32067549,"[1.4142135623730951, 149.40214188558343]"
images/dark/davids/short/C/dark_davids_short_C_4.jpg,2,True,False,22942485,"[1.0, 1.4142135623730951]"
images/dark/davids/short/D/dark_davids_short_D_0.jpg,4,False,False,26654065,"[1.4142135623730951, 180.0999722376436, 209.99523804124703, 242.78797334299736]"
images/dark/davids/short/D/dark_davids_short_D_1.jpg,0,True,False,29687849,[]
images/dark/davids/short/D/dark_davids_short_D_2.jpg,4,True,True,20734942,"[1.0, 1.0, 2.0, 2.0]"
images/dark/davids/short/D/dark_davids_short_D_3.jpg,6,False,False,20700880,"[0.0, 2.23606797749979, 228.01973598791838, 257.9476691113917, 282.0815484926301, 309.19573088902763]"
images/dark/davids/short/D/dark_davids_short_D_4.jpg,2,True,False,30210896,"[2.23606797749979, 3.1622776601683795]"
images/dark/jack_cole/high/A/dark_jack_cole_high_A_0.jpg,3,True,False,19754031,"[0.0, 0.0, 2.0]"
images/dark/jack_cole/high/A/dark_jack_cole_high_A_1.jpg,4,True,True,19927540,"[0.0, 1.0, 1.4142135623730951, 1.4142135623730951]"
images/dark/jack_cole/high/A/dark_jack_cole_high_A_2.jpg,3,True,False,18360342,"[1.0, 1.0, 3.1622776601683795]"
images/dark/jack_cole/high/A/dark_jack_cole_high_A_3.jpg,2,True,False,16482126,"[0.0, 1.0]"
images/dark/jack_cole/high/A/dark_jack_cole_high_A_4.jpg,0,True,False,16580378,[]
images/dark/jack_cole/high/B/dark_jack_cole_high_B_0.jpg,1,True,False,15918652,[1.0]
images/dark/jack_cole/high/B/dark_jack_cole_high_B_1.jpg,1,True,False,18268740,[1.0]
images/dark/jack_cole/high/B/dark_jack_cole_high_B_2.jpg,1,True,False,18207677,[2.23606797749979]
images/dark/jack_cole/high/B/dark_jack_cole_high_B_3.jpg,1,True,False,18287625,[3.0]
images/dark/jack_cole/high/B/dark_jack_cole_high_B_4.jpg,1,True,False,15593103,[1.0]
images/dark/jack_cole/high/C/dark_jack_cole_high_C_0.jpg,2,True,False,18746254,"[1.4142135623730951, 2.23606797749979]"
images/dark/jack_cole/high/C/dark_jack_cole_high_C_1.jpg,3,True,False,17202182,"[1.0, 1.0, 1.4142135623730951]"
images/dark/jack_cole/high/C/dark_jack_cole_high_C_2.jpg,4,True,True,19787839,"[0.0, 0.0, 1.4142135623730951, 2.23606797749979]"
images/dark/jack_cole/high/C/dark_jack_cole_high_C_3.jpg,3,True,False,18020144,"[1.0, 1.0, 2.23606797749979]"
images/dark/jack_cole/high/C/dark_jack_cole_high_C_4.jpg,4,True,True,16604712,"[1.0, 1.4142135623730951, 2.23606797749979, 2.23606797749979]"
images/dark/jack_cole/high/D/dark_jack_cole_high_D_0.jpg,3,True,False,16871779,"[1.0, 1.0, 2.0]"
images/dark/jack_cole/high/D/dark_jack_cole_high_D_1.jpg,2,True,False,17164940,"[1.0, 1.4142135623730951]"
images/dark/jack_cole/high/D/dark_jack_cole_high_D_2.jpg,0,True,False,17083106,[]
images/dark/jack_cole/high/D/dark_jack_cole_high_D_3.jpg,3,True,False,21413962,"[1.4142135623730951, 2.0, 2.23606797749979]"
images/dark/jack_cole/high/D/dark_jack_cole_high_D_4.jpg,2,True,False,14964455,"[1.4142135623730951, 1.4142135623730951]"
images/dark/jack_cole/medium/A/dark_jack_cole_medium_A_0.jpg,1,True,False,20242282,[2.0]
images/dark/jack_cole/medium/A/dark_jack_cole_medium_A_1.jpg,3,True,False,17018125,"[1.0, 1.4142135623730951, 2.23606797749979]"
images/dark/jack_cole/medium/A/dark_jack_cole_medium_A_2.jpg,3,True,False,17959128,"[1.0, 1.4142135623730951, 3.0]"
images/dark/jack_cole/medium/A/dark_jack_cole_medium_A_3.jpg,3,True,False,17989315,"[0.0, 2.23606797749979, 2.23606797749979]"
images/dark/jack_cole/medium/A/dark_jack_cole_medium_A_4.jpg,3,True,False,16385979,"[0.0, 1.0, 1.4142135623730951]"
images/dark/jack_cole/medium/B/dark_jack_cole_medium_B_0.jpg,2,True,False,17398228,"[1.4142135623730951, 3.0]"
images/dark/jack_cole/medium/B/dark_jack_cole_medium_B_1.jpg,3,True,False,19626179,"[1.0, 2.0, 2.23606797749979]"
images/dark/jack_cole/medium/B/dark_jack_cole_medium_B_2.jpg,3,True,False,16565705,"[1.0, 2.0, 2.23606797749979]"
images/dark/jack_cole/medium/B/dark_jack_cole_medium_B_3.jpg,2,True,False,16981412,"[2.23606797749979, 2.8284271247461903]"
images/dark/jack_cole/medium/B/dark_jack_cole_medium_B_4.jpg,3,True,False,16908100,"[1.0, 1.4142135623730951, 2.0]"
images/dark/jack_cole/medium/C/dark_jack_cole_medium_C_0.jpg,2,True,False,19335160,"[0.0, 1.4142135623730951]"
images/dark/jack_cole/medium/C/dark_jack_cole_medium_C_1.jpg,3,True,False,18645907,"[1.0, 1.0, 1.4142135623730951]"
images/dark/jack_cole/medium/C/dark_jack_cole_medium_C_2.jpg,1,True,False,18846192,[1.0]
images/dark/jack_cole/medium/C/dark_jack_cole_medium_C_3.jpg,2,True,False,17999124,"[2.0, 2.8284271247461903]"
images/dark/jack_cole/medium/C/dark_jack_cole_medium_C_4.jpg,2,True,False,18043699,"[2.0, 2.23606797749979]"
images/dark/jack_cole/medium/D/dark_jack_cole_medium_D_0.jpg,2,True,False,20971600,"[2.0, 3.1622776601683795]"
images/dark/jack_cole/medium/D/dark_jack_cole_medium_D_1.jpg,2,True,False,19421683,"[0.0, 2.0]"
images/dark/jack_cole/medium/D/dark_jack_cole_medium_D_2.jpg,1,True,False,19810062,[1.4142135623730951]
images/dark/jack_cole/medium/D/dark_jack_cole_medium_D_3.jpg,2,True,False,20958403,"[1.0, 1.0]"
images/dark/jack_cole/medium/D/dark_jack_cole_medium_D_4.jpg,2,True,False,17800015,"[1.0, 2.0]"
images/dark/jack_cole/short/A/dark_jack_cole_short_A_0.jpg,2,True,False,19190620,"[0.0, 1.0]"
images/dark/jack_cole/short/A/dark_jack_cole_short_A_1.jpg,2,True,False,17197415,"[1.0, 1.0]"
images/dark/jack_cole/short/A/dark_jack_cole_short_A_2.jpg,3,True,False,19267602,"[1.0, 1.4142135623730951, 3.605551275463989]"
images/dark/jack_cole/short/A/dark_jack_cole_short_A_3.jpg,4,True,True,16770979,"[0.0, 2.23606797749979, 2.23606797749979, 2.23606797749979]"
images/dark/jack_cole/short/A/dark_jack_cole_short_A_4.jpg,2,True,False,16653312,"[2.23606797749979, 2.23606797749979]"
images/dark/jack_cole/short/B/dark_jack_cole_short_B_0.jpg,4,True,True,24317893,"[1.0, 1.4142135623730951, 2.23606797749979, 3.1622776601683795]"
images/dark/jack_cole/short/B/dark_jack_cole_short_B_1.jpg,2,True,False,22693248,"[2.0, 2.23606797749979]"
images/dark/jack_cole/short/B/dark_jack_cole_short_B_2.jpg,0,True,False,18866692,[]
images/dark/jack_cole/short/B/dark_jack_cole_short_B_3.jpg,3,True,False,24130610,"[1.0, 1.0, 1.4142135623730951]"
images/dark/jack_cole/short/B/dark_jack_cole_short_B_4.jpg,3,True,False,17171816,"[1.0, 1.4142135623730951, 2.23606797749979]"
images/dark/jack_cole/short/C/dark_jack_cole_short_C_0.jpg,1,True,False,24166447,[2.0]
images/dark/jack_cole/short/C/dark_jack_cole_short_C_1.jpg,3,False,False,19057040,"[2.23606797749979, 2.8284271247461903, 5.0990195135927845]"
images/dark/jack_cole/short/C/dark_jack_cole_short_C_2.jpg,3,True,False,21616026,"[1.0, 1.4142135623730951, 2.0]"
images/dark/jack_cole/short/C/dark_jack_cole_short_C_3.jpg,4,True,True,21534274,"[1.0, 1.0, 1.0, 2.0]"
images/dark/jack_cole/short/C/dark_jack_cole_short_C_4.jpg,2,True,False,18996475,"[0.0, 1.0]"
images/dark/jack_cole/short/D/dark_jack_cole_short_D_0.jpg,2,True,False,18796701,"[1.0, 3.1622776601683795]"
images/dark/jack_cole/short/D/dark_jack_cole_short_D_1.jpg,2,True,False,22923129,"[2.23606797749979, 3.0]"
images/dark/jack_cole/short/D/dark_jack_cole_short_D_2.jpg,4,True,True,19611195,"[1.0, 2.23606797749979, 3.0, 3.1622776601683795]"
images/dark/jack_cole/short/D/dark_jack_cole_short_D_3.jpg,3,True,False,24739384,"[1.0, 1.0, 2.0]"
images/dark/jack_cole/short/D/dark_jack_cole_short_D_4.jpg,2,True,False,19272512,"[2.23606797749979, 2.23606797749979]"
images/dark/john_honey/high/A/dark_john_honey_high_A_0.jpg,2,True,False,60069132,"[1.0, 1.0]"
images/dark/john_honey/high/A/dark_john_honey_high_A_1.jpg,2,True,False,58172871,"[1.4142135623730951, 2.23606797749979]"
images/dark/john_honey/high/A/dark_john_honey_high_A_2.jpg,2,True,False,60159449,"[1.0, 2.8284271247461903]"
images/dark/john_honey/high/A/dark_john_honey_high_A_3.jpg,1,True,False,64585162,[2.23606797749979]
images/dark/john_honey/high/A/dark_john_honey_high_A_4.jpg,2,True,False,59060930,"[0.0, 2.0]"
images/dark/john_honey/high/B/dark_john_honey_high_B_0.jpg,2,True,False,54734044,"[0.0, 1.0]"
images/dark/john_honey/high/B/dark_john_honey_high_B_1.jpg,1,True,False,56609664,[2.0]
images/dark/john_honey/high/B/dark_john_honey_high_B_2.jpg,3,True,False,49152267,"[1.4142135623730951, 2.0, 2.23606797749979]"
images/dark/john_honey/high/B/dark_john_honey_high_B_3.jpg,3,True,False,57498198,"[1.0, 2.23606797749979, 2.23606797749979]"
images/dark/john_honey/high/B/dark_john_honey_high_B_4.jpg,2,True,False,50505856,"[1.4142135623730951, 2.0]"
images/dark/john_honey/high/C/dark_john_honey_high_C_0.jpg,2,True,False,46895268,"[1.0, 1.4142135623730951]"
images/dark/john_honey/high/C/dark_john_honey_high_C_1.jpg,2,True,False,44526232,"[0.0, 1.0]"
images/dark/john_honey/high/C/dark_john_honey_high_C_2.jpg,1,True,False,43559969,[1.0]
images/dark/john_honey/high/C/dark_john_honey_high_C_3.jpg,1,True,False,43549938,[1.0]
images/dark/john_honey/high/C/dark_john_honey_high_C_4.jpg,1,True,False,42232518,[1.0]
images/dark/john_honey/high/D/dark_john_honey_high_D_0.jpg,2,True,False,43193614,"[0.0, 1.0]"
images/dark/john_honey/high/D/dark_john_honey_high_D_1.jpg,0,True,False,43877142,[]
images/dark/john_honey/high/D/dark_john_honey_high_D_2.jpg,1,True,False,40137372,[2.23606797749979]
images/dark/john_honey/high/D/dark_john_honey_high_D_3.jpg,2,True,False,45896912,"[1.0, 2.0]"
images/dark/john_honey/high/D/dark_john_honey_high_D_4.jpg,1,True,False,42607234,[1.0]
images/dark/john_honey/medium/A/dark_john_honey_medium_A_0.jpg,2,True,False,27192379,"[1.4142135623730951, 2.8284271247461903]"
images/dark/john_honey/medium/A/dark_john_honey_medium_A_1.jpg,2,True,False,46861005,"[1.4142135623730951, 2.0]"
images/dark/john_honey/medium/A/dark_john_honey_medium_A_2.jpg,2,True,False,26066152,"[0.0, 2.23606797749979]"
images/dark/john_honey/medium/A/dark_john_honey_medium_A_3.jpg,2,True,False,27278808,"[1.0, 1.4142135623730951]"
images/dark/john_honey/medium/A/dark_john_honey_medium_A_4.jpg,0,True,False,30592601,[]
images/dark/john_honey/medium/B/dark_john_honey_medium_B_0.jpg,1,True,False,29747377,[2.23606797749979]
images/dark/john_honey/medium/B/dark_john_honey_medium_B_1.jpg,2,True,False,37765154,"[0.0, 1.0]"
images/dark/john_honey/medium/B/dark_john_honey_medium_B_2.jpg,3,True,False,33007173,"[1.0, 1.4142135623730951, 2.0]"
images/dark/john_honey/medium/B/dark_john_honey_medium_B_3.jpg,3,True,False,31360634,"[1.0, 1.0, 2.0]"
images/dark/john_honey/medium/B/dark_john_honey_medium_B_4.jpg,1,True,False,38611901,[0.0]
images/dark/john_honey/medium/C/dark_john_honey_medium_C_0.jpg,3,True,False,38584899,"[0.0, 1.0, 1.0]"
images/dark/john_honey/medium/C/dark_john_honey_medium_C_1.jpg,2,True,False,37522568,"[1.4142135623730951, 2.8284271247461903]"
images/dark/john_honey/medium/C/dark_john_honey_medium_C_2.jpg,2,True,False,37156181,"[2.23606797749979, 3.0]"
images/dark/john_honey/medium/C/dark_john_honey_medium_C_3.jpg,3,True,False,33851743,"[1.0, 1.4142135623730951, 2.23606797749979]"
images/dark/john_honey/medium/C/dark_john_honey_medium_C_4.jpg,3,True,False,33972499,"[0.0, 2.23606797749979, 2.23606797749979]"
images/dark/john_honey/medium/D/dark_john_honey_medium_D_0.jpg,2,True,False,27705369,"[0.0, 1.0]"
images/dark/john_honey/medium/D/dark_john_honey_medium_D_1.jpg,2,True,False,36643228,"[0.0, 1.4142135623730951]"
images/dark/john_honey/medium/D/dark_john_honey_medium_D_2.jpg,2,True,False,33378366,"[0.0, 1.4142135623730951]"
images/dark/john_honey/medium/D/dark_john_honey_medium_D_3.jpg,1,True,False,40863162,[2.0]
images/dark/john_honey/medium/D/dark_john_honey_medium_D_4.jpg,2,True,False,28686409,"[1.0, 2.0]"
images/dark/john_honey/short/A/dark_john_honey_short_A_0.jpg,3,True,False,22981144,"[1.0, 1.4142135623730951, 2.23606797749979]"
images/dark/john_honey/short/A/dark_john_honey_short_A_1.jpg,1,True,False,30130665,[1.4142135623730951]
images/dark/john_honey/short/A/dark_john_honey_short_A_2.jpg,3,True,False,23071817,"[0.0, 1.0, 1.4142135623730951]"
images/dark/john_honey/short/A/dark_john_honey_short_A_3.jpg,1,True,False,21903447,[2.0]
images/dark/john_honey/short/A/dark_john_honey_short_A_4.jpg,3,True,False,19504128,"[1.0, 1.4142135623730951, 1.4142135623730951]"
images/dark/john_honey/short/B/dark_john_honey_short_B_0.jpg,2,True,False,19470524,"[0.0, 1.4142135623730951]"
images/dark/john_honey/short/B/dark_john_honey_short_B_1.jpg,3,True,False,22659471,"[1.4142135623730951, 2.23606797749979, 2.23606797749979]"
images/dark/john_honey/short/B/dark_john_honey_short_B_2.jpg,3,True,False,14779647,"[1.0, 1.4142135623730951, 2.23606797749979]"
images/dark/john_honey/short/B/dark_john_honey_short_B_3.jpg,0,True,False,20525923,[]
images/dark/john_honey/short/B/dark_john_honey_short_B_4.jpg,3,True,False,16848243,"[1.0, 1.0, 1.4142135623730951]"
images/dark/john_honey/short/C/dark_john_honey_short_C_0.jpg,4,True,True,20820215,"[1.0, 1.4142135623730951, 1.4142135623730951, 2.23606797749979]"
images/dark/john_honey/short/C/dark_john_honey_short_C_1.jpg,1,True,False,21880754,[1.0]
images/dark/john_honey/short/C/dark_john_honey_short_C_2.jpg,3,True,False,21070563,"[0.0, 1.0, 2.23606797749979]"
images/dark/john_honey/short/C/dark_john_honey_short_C_3.jpg,1,True,False,26081621,[2.23606797749979]
images/dark/john_honey/short/C/dark_john_honey_short_C_4.jpg,2,True,False,21745831,"[1.0, 2.8284271247461903]"
images/dark/john_honey/short/D/dark_john_honey_short_D_0.jpg,3,True,False,22676728,"[1.0, 2.0, 2.8284271247461903]"
images/dark/john_honey/short/D/dark_john_honey_short_D_1.jpg,0,True,False,42449757,[]
images/dark/john_honey/short/D/dark_john_honey_short_D_2.jpg,1,True,False,28019744,[0.0]
images/dark/john_honey/short/D/dark_john_honey_short_D_3.jpg,3,True,False,25324114,"[1.0, 1.0, 2.8284271247461903]"
images/dark/john_honey/short/D/dark_john_honey_short_D_4.jpg,2,True,False,19276491,"[1.0, 2.8284271247461903]"
images/dark/michaels/high/A/dark_michaels_high_A_0.jpg,3,True,False,27857301,"[1.0, 2.23606797749979, 3.1622776601683795]"
images/dark/michaels/high/A/dark_michaels_high_A_1.jpg,2,True,False,27402195,"[1.0, 2.23606797749979]"
images/dark/michaels/high/A/dark_michaels_high_A_2.jpg,4,True,True,25413968,"[0.0, 1.0, 1.4142135623730951, 2.0]"
images/dark/michaels/high/A/dark_michaels_high_A_3.jpg,0,True,False,26503171,[]
images/dark/michaels/high/A/dark_michaels_high_A_4.jpg,3,True,False,20856141,"[1.0, 1.0, 1.4142135623730951]"
images/dark/michaels/high/B/dark_michaels_high_B_0.jpg,1,True,False,28827039,[1.0]
images/dark/michaels/high/B/dark_michaels_high_B_1.jpg,1,True,False,32483187,[1.0]
images/dark/michaels/high/B/dark_michaels_high_B_2.jpg,1,True,False,28554368,[2.23606797749979]
images/dark/michaels/high/B/dark_michaels_high_B_3.jpg,3,True,False,27331023,"[1.0, 1.0, 3.1622776601683795]"
images/dark/michaels/high/B/dark_michaels_high_B_4.jpg,3,True,False,26519971,"[0.0, 2.0, 2.23606797749979]"
images/dark/michaels/high/C/dark_michaels_high_C_0.jpg,2,True,False,25983329,"[0.0, 3.0]"
images/dark/michaels/high/C/dark_michaels_high_C_1.jpg,4,True,True,25882820,"[1.4142135623730951, 1.4142135623730951, 2.23606797749979, 2.23606797749979]"
images/dark/michaels/high/C/dark_michaels_high_C_2.jpg,4,True,True,29492940,"[1.0, 1.4142135623730951, 2.0, 2.23606797749979]"
images/dark/michaels/high/C/dark_michaels_high_C_3.jpg,1,True,False,28168805,[2.0]
images/dark/michaels/high/C/dark_michaels_high_C_4.jpg,3,True,False,23850005,"[0.0, 1.4142135623730951, 2.0]"
images/dark/michaels/high/D/dark_michaels_high_D_0.jpg,2,True,False,34044464,"[1.0, 3.1622776601683795]"
images/dark/michaels/high/D/dark_michaels_high_D_1.jpg,2,True,False,35977650,"[2.0, 2.23606797749979]"
images/dark/michaels/high/D/dark_michaels_high_D_2.jpg,1,True,False,34472267,[3.0]
images/dark/michaels/high/D/dark_michaels_high_D_3.jpg,1,True,False,31365403,[2.23606797749979]
images/dark/michaels/high/D/dark_michaels_high_D_4.jpg,3,True,False,24477209,"[1.4142135623730951, 1.4142135623730951, 2.23606797749979]"
images/dark/michaels/medium/A/dark_michaels_medium_A_0.jpg,1,True,False,30489209,[2.23606797749979]
images/dark/michaels/medium/A/dark_michaels_medium_A_1.jpg,3,True,False,30170971,"[1.4142135623730951, 2.0, 2.23606797749979]"
images/dark/michaels/medium/A/dark_michaels_medium_A_2.jpg,2,True,False,31209301,"[1.0, 3.1622776601683795]"
images/dark/michaels/medium/A/dark_michaels_medium_A_3.jpg,2,True,False,27551339,"[1.0, 2.23606797749979]"
images/dark/michaels/medium/A/dark_michaels_medium_A_4.jpg,2,True,False,27418961,"[2.23606797749979, 2.23606797749979]"
images/dark/michaels/medium/B/dark_michaels_medium_B_0.jpg,1,True,False,32206461,[1.0]
images/dark/michaels/medium/B/dark_michaels_medium_B_1.jpg,3,True,False,33458894,"[0.0, 1.0, 1.0]"
images/dark/michaels/medium/B/dark_michaels_medium_B_2.jpg,2,True,False,31179310,"[2.23606797749979, 2.8284271247461903]"
images/dark/michaels/medium/B/dark_michaels_medium_B_3.jpg,3,True,False,32353805,"[1.0, 1.0, 2.23606797749979]"
images/dark/michaels/medium/B/dark_michaels_medium_B_4.jpg,4,True,True,29384425,"[1.0, 1.4142135623730951, 1.4142135623730951, 2.0]"
images/dark/michaels/medium/C/dark_michaels_medium_C_0.jpg,3,True,False,31807099,"[1.0, 1.0, 2.0]"
images/dark/michaels/medium/C/dark_michaels_medium_C_1.jpg,2,True,False,24865943,"[0.0, 2.0]"
images/dark/michaels/medium/C/dark_michaels_medium_C_2.jpg,2,True,False,32345729,"[0.0, 1.0]"
images/dark/michaels/medium/C/dark_michaels_medium_C_3.jpg,1,True,False,24242492,[1.4142135623730951]
images/dark/michaels/medium/C/dark_michaels_medium_C_4.jpg,1,True,False,28608002,[1.4142135623730951]
images/dark/michaels/medium/D/dark_michaels_medium_D_0.jpg,2,True,False,23800845,"[2.23606797749979, 2.8284271247461903]"
images/dark/michaels/medium/D/dark_michaels_medium_D_1.jpg,2,True,False,29538764,"[1.0, 1.4142135623730951]"
images/dark/michaels/medium/D/dark_michaels_medium_D_2.jpg,2,True,False,28405414,"[1.0, 1.4142135623730951]"
images/dark/michaels/medium/D/dark_michaels_medium_D_3.jpg,3,True,False,33911049,"[1.0, 1.4142135623730951, 2.0]"
images/dark/michaels/medium/D/dark_michaels_medium_D_4.jpg,4,True,True,27851681,"[0.0, 1.0, 2.0, 2.23606797749979]"
images/dark/michaels/short/A/dark_michaels_short_A_0.jpg,1,True,False,28179115,[2.8284271247461903]
images/dark/michaels/short/A/dark_michaels_short_A_1.jpg,2,True,False,25318930,"[1.0, 1.4142135623730951]"
images/dark/michaels/short/A/dark_michaels_short_A_2.jpg,2,True,False,31028254,"[1.0, 2.0]"
images/dark/michaels/short/A/dark_michaels_short_A_3.jpg,1,True,False,23855495,[1.0]
images/dark/michaels/short/A/dark_michaels_short_A_4.jpg,1,True,False,27142802,[2.8284271247461903]
images/dark/michaels/short/B/dark_michaels_short_B_0.jpg,4,True,True,32541774,"[1.0, 2.23606797749979, 3.1622776601683795, 4.242640687119285]"
images/dark/michaels/short/B/dark_michaels_short_B_1.jpg,4,True,True,34598312,"[1.4142135623730951, 2.23606797749979, 3.0, 3.1622776601683795]"
images/dark/michaels/short/B/dark_michaels_short_B_2.jpg,3,True,False,32552608,"[1.4142135623730951, 1.4142135623730951, 1.4142135623730951]"
images/dark/michaels/short/B/dark_michaels_short_B_3.jpg,4,True,True,30488927,"[0.0, 1.0, 1.4142135623730951, 3.1622776601683795]"
images/dark/michaels/short/B/dark_michaels_short_B_4.jpg,3,True,False,29163752,"[0.0, 1.4142135623730951, 2.23606797749979]"
images/dark/michaels/short/C/dark_michaels_short_C_0.jpg,3,True,False,26895090,"[1.4142135623730951, 2.0, 3.0]"
images/dark/michaels/short/C/dark_michaels_short_C_1.jpg,2,True,False,27038116,"[1.0, 2.23606797749979]"
images/dark/michaels/short/C/dark_michaels_short_C_2.jpg,1,True,False,27823188,[0.0]
images/dark/michaels/short/C/dark_michaels_short_C_3.jpg,2,True,False,29617973,"[0.0, 2.23606797749979]"
images/dark/michaels/short/C/dark_michaels_short_C_4.jpg,0,True,False,28206618,[]
images/dark/michaels/short/D/dark_michaels_short_D_0.jpg,1,True,False,24379018,[1.0]
images/dark/michaels/short/D/dark_michaels_short_D_1.jpg,2,True,False,28108743,"[1.4142135623730951, 1.4142135623730951]"
images/dark/michaels/short/D/dark_michaels_short_D_2.jpg,3,True,False,32233062,"[1.0, 1.0, 1.4142135623730951]"
images/dark/michaels/short/D/dark_michaels_short_D_3.jpg,2,True,False,26194382,"[2.0, 3.1622776601683795]"
images/dark/michaels/short/D/dark_michaels_short_D_4.jpg,4,True,True,26531965,"[1.4142135623730951, 1.4142135623730951, 2.23606797749979, 2.8284271247461903]"
